# Luminosity, Color
1.1103e+00,1.3910e+00
1.0329e+00,1.6189e+00
8.3762e-01,1.9318e+00
9.6028e-01,1.6663e+00
1.4032e+00,4.3086e-01
1.2064e+00,1.3050e+00
1.4153e+00,6.8585e-01
1.1927e+00,1.2375e+00
1.3179e+00,1.0282e+00
1.0584e+00,1.5201e+00
1.4349e+00,1.8653e-01
1.1080e+00,1.4622e+00
1.3624e+00,4.8617e-01
8.6859e-01,1.8122e+00
1.2909e+00,1.1634e+00
1.3207e+00,8.4045e-01
1.0427e+00,1.4796e+00
1.0062e+00,1.6108e+00
1.4863e+00,1.9492e-01
1.2804e+00,1.2125e+00
1.4031e+00,5.4105e-01
1.1887e+00,1.2775e+00
1.0474e+00,1.6441e+00
1.2672e+00,1.0090e+00
1.0656e+00,1.4286e+00
1.2333e+00,1.0490e+00
9.7432e-01,1.7429e+00
1.0888e+00,1.5034e+00
1.0295e+00,1.6280e+00
1.1763e+00,1.4297e+00
9.0180e-01,1.8370e+00
1.4494e+00,1.6357e-01
1.3917e+00,6.6297e-01
1.2847e+00,9.4760e-01
1.1850e+00,1.4174e+00
1.2483e+00,1.2227e+00
1.4317e+00,3.4944e-01
1.1522e+00,1.2399e+00
8.9193e-01,1.8390e+00
1.2336e+00,1.3129e+00
1.2851e+00,1.0568e+00
9.4682e-01,1.7870e+00
1.2968e+00,7.4443e-01
1.2065e+00,1.0754e+00
1.1384e+00,1.4697e+00
8.6115e-01,1.8798e+00
1.1753e+00,1.2302e+00
1.4973e+00,1.1179e-01
1.4622e+00,2.9057e-01
1.2933e+00,7.7700e-01
1.3205e+00,1.0550e+00
1.3627e+00,6.5320e-01
1.3279e+00,6.8950e-01
1.0815e+00,1.4677e+00
1.1911e+00,1.2652e+00
1.4355e+00,2.0172e-01
1.4048e+00,4.9125e-01
1.2186e+00,1.1099e+00
1.2941e+00,1.1557e+00
1.3693e+00,4.3405e-01
1.3888e+00,5.1852e-01
1.3982e+00,5.7722e-01
1.3085e+00,8.1786e-01
1.4262e+00,3.8445e-01
8.9231e-01,1.7600e+00
1.4134e+00,2.8677e-01
1.1830e+00,1.1913e+00
1.0540e+00,1.6301e+00
9.7898e-01,1.7032e+00
1.0684e+00,1.5099e+00
1.3748e+00,5.0590e-01
1.3366e+00,1.0067e+00
1.3923e+00,7.6452e-01
1.1897e+00,1.3409e+00
8.9889e-01,1.7924e+00
8.9639e-01,1.7684e+00
1.3399e+00,9.7489e-01
8.8182e-01,1.8533e+00
1.1368e+00,1.2707e+00
1.2278e+00,1.1287e+00
1.4331e+00,2.0785e-01
1.1665e+00,1.2476e+00
1.2867e+00,9.7022e-01
1.0918e+00,1.4672e+00
1.1646e+00,1.3333e+00
1.1655e+00,1.3987e+00
1.1942e+00,1.3701e+00
1.3247e+00,9.9254e-01
1.1511e+00,1.2745e+00
1.2250e+00,1.3068e+00
1.1427e+00,1.3161e+00
1.2445e+00,9.9829e-01
1.3316e+00,8.6689e-01
1.3612e+00,8.5359e-01
1.3348e+00,7.1474e-01
1.3063e+00,1.1411e+00
1.1870e+00,1.4153e+00
1.3012e+00,8.1578e-01
1.4825e+00,1.5865e-01
1.4127e+00,3.5361e-01
1.4367e+00,3.9659e-01
1.3562e+00,4.6476e-01
9.0210e-01,1.8217e+00
1.4242e+00,4.0164e-01
9.8985e-01,1.6986e+00
1.3995e+00,7.1143e-01
8.1211e-01,1.9772e+00
1.0626e+00,1.5158e+00
1.1385e+00,1.4397e+00
1.3683e+00,7.8852e-01
1.3186e+00,1.0424e+00
1.2298e+00,1.1786e+00
1.4010e+00,6.9477e-01
1.3684e+00,8.2435e-01
1.3281e+00,8.2232e-01
1.1695e+00,1.2597e+00
1.2519e+00,1.0126e+00
1.2757e+00,1.0962e+00
1.3617e+00,9.0148e-01
1.4340e+00,1.8833e-01
9.0994e-01,1.7903e+00
1.0554e+00,1.5019e+00
1.4051e+00,4.4105e-01
1.3286e+00,8.2214e-01
1.0817e+00,1.5420e+00
1.4564e+00,3.4297e-01
1.4214e+00,5.2058e-01
1.2871e+00,7.9681e-01
1.1722e+00,1.2647e+00
1.4852e+00,8.1074e-02
1.0601e+00,1.4585e+00
1.3522e+00,8.3358e-01
1.4055e+00,4.6216e-01
1.1312e+00,1.3789e+00
1.0962e+00,1.4539e+00
1.2447e+00,1.1123e+00
1.4100e+00,3.9736e-01
8.2735e-01,1.9392e+00
1.3759e+00,7.0982e-01
1.1605e+00,1.3879e+00
1.2774e+00,1.2210e+00
1.3842e+00,4.1363e-01
9.7523e-01,1.7445e+00
1.4193e+00,5.5742e-01
1.2452e+00,9.9357e-01
1.2415e+00,1.1850e+00
1.2374e+00,1.1444e+00
1.0364e+00,1.5137e+00
1.4425e+00,3.4120e-01
1.0225e+00,1.5457e+00
1.3806e+00,6.7152e-01
1.3344e+00,6.0773e-01
1.2521e+00,1.0011e+00
7.9016e-01,1.9486e+00
1.4361e+00,2.5553e-01
1.2963e+00,9.3864e-01
1.2163e+00,1.2996e+00
1.2077e+00,1.1711e+00
1.3975e+00,4.8530e-01
1.2630e+00,1.0010e+00
1.0274e+00,1.6624e+00
1.4143e+00,3.8974e-01
1.1943e+00,1.2194e+00
1.3016e+00,9.0280e-01
1.0509e+00,1.6082e+00
1.4791e+00,1.4037e-01
1.5343e+00,1.2842e-02
1.4838e+00,1.7465e-01
1.2510e+00,1.2146e+00
1.2508e+00,1.2508e+00
1.3010e+00,1.0862e+00
1.4215e+00,5.6759e-01
1.0950e+00,1.5090e+00
1.3004e+00,1.0575e+00
1.3211e+00,8.4315e-01
1.4061e+00,6.6698e-01
1.1243e+00,1.5274e+00
1.3414e+00,6.9875e-01
1.4220e+00,6.1294e-01
1.1190e+00,1.4236e+00
1.3060e+00,8.9963e-01
1.3692e+00,6.2018e-01
9.8950e-01,1.6646e+00
9.5240e-01,1.7207e+00
1.3917e+00,6.2677e-01
1.2311e+00,9.9380e-01
1.1873e+00,1.4199e+00
1.0334e+00,1.5422e+00
1.3140e+00,9.0115e-01
1.3758e+00,8.9414e-01
1.3494e+00,7.2353e-01
1.4598e+00,1.7891e-01
1.2971e+00,8.1361e-01
1.3378e+00,9.6624e-01
1.1739e+00,1.2581e+00
1.1468e+00,1.2691e+00
1.3839e+00,7.2602e-01
1.1008e+00,1.4515e+00
8.8120e-01,1.8643e+00
1.3164e+00,1.0666e+00
1.3779e+00,3.6950e-01
9.5169e-01,1.7027e+00
1.3035e+00,9.4648e-01
1.2822e+00,8.8137e-01
1.2130e+00,1.3344e+00
1.2973e+00,1.0782e+00
1.1358e+00,1.3235e+00
1.3769e+00,7.8060e-01
1.0169e+00,1.6471e+00
1.0728e+00,1.6075e+00
1.3181e+00,9.2856e-01
8.0526e-01,1.9049e+00
8.9199e-01,1.8363e+00
1.1964e+00,1.2778e+00
1.2944e+00,1.1249e+00
1.3619e+00,5.5495e-01
1.4254e+00,5.6287e-01
1.2524e+00,1.0152e+00
1.2179e+00,1.0765e+00
1.0264e+00,1.5398e+00
1.3458e+00,5.4375e-01
1.2212e+00,1.2727e+00
9.2135e-01,1.7192e+00
9.0990e-01,1.7652e+00
1.2710e+00,1.2288e+00
1.4108e+00,3.9286e-01
1.3590e+00,5.7731e-01
1.4228e+00,4.7942e-01
1.2648e+00,9.5973e-01
1.1716e+00,1.1898e+00
1.3762e+00,6.0629e-01
1.1994e+00,1.3383e+00
1.3064e+00,7.4255e-01
1.4134e+00,4.8129e-01
1.1694e+00,1.2861e+00
1.5092e+00,3.6316e-02
8.0315e-01,1.9591e+00
1.1707e+00,1.3860e+00
1.0765e+00,1.4369e+00
1.2834e+00,1.0279e+00
9.1460e-01,1.8130e+00
1.3372e+00,5.5611e-01
1.3905e+00,5.6929e-01
1.0765e+00,1.5917e+00
1.3163e+00,1.0791e+00
1.3651e+00,4.4502e-01
1.4060e+00,4.0660e-01
1.4376e+00,1.9187e-01
1.2874e+00,8.0651e-01
1.4464e+00,4.2819e-01
1.4094e+00,3.9327e-01
1.0319e+00,1.6131e+00
1.2279e+00,1.1129e+00
1.1119e+00,1.4019e+00
1.2243e+00,1.2069e+00
1.2889e+00,1.0699e+00
1.4044e+00,4.0163e-01
1.3928e+00,4.6841e-01
1.3533e+00,7.2981e-01
1.3419e+00,7.8894e-01
8.1821e-01,1.9577e+00
9.9340e-01,1.6922e+00
9.4789e-01,1.6693e+00
1.1928e+00,1.1298e+00
9.8264e-01,1.6097e+00
1.4205e+00,2.6398e-01
9.8691e-01,1.7016e+00
1.3163e+00,1.1470e+00
9.9573e-01,1.5942e+00
1.2286e+00,1.0053e+00
1.3895e+00,5.2947e-01
1.1308e+00,1.4664e+00
1.4028e+00,6.3886e-01
9.4861e-01,1.7334e+00
8.5764e-01,1.8813e+00
1.1261e+00,1.5055e+00
8.3971e-01,1.9128e+00
1.4196e+00,5.9376e-01
7.9483e-01,1.9520e+00
1.3735e+00,9.2396e-01
1.4466e+00,2.3701e-01
1.2125e+00,1.3254e+00
1.3278e+00,1.0838e+00
1.1343e+00,1.3290e+00
1.1482e+00,1.4398e+00
9.3284e-01,1.7371e+00
1.0968e+00,1.3847e+00
1.3878e+00,8.0817e-01
1.2928e+00,1.0648e+00
9.0482e-01,1.7315e+00
1.0989e+00,1.5067e+00
7.7186e-01,1.9698e+00
1.3586e+00,5.8513e-01
1.4357e+00,4.5117e-01
1.2731e+00,8.5684e-01
1.0874e+00,1.4712e+00
1.3954e+00,5.1981e-01
7.9799e-01,1.9432e+00
1.1393e+00,1.3790e+00
1.3263e+00,9.1045e-01
1.4427e+00,2.8998e-01
1.4095e+00,2.8636e-01
1.2779e+00,9.6544e-01
8.8742e-01,1.7660e+00
9.4914e-01,1.7264e+00
1.4137e+00,4.6071e-01
1.2360e+00,1.2023e+00
8.3823e-01,1.8614e+00
1.1009e+00,1.5533e+00
1.3530e+00,9.9541e-01
1.3050e+00,7.9827e-01
1.4405e+00,3.3652e-01
1.3735e+00,9.4605e-01
1.2404e+00,1.1046e+00
1.4404e+00,3.0615e-01
9.9341e-01,1.7319e+00
1.2770e+00,9.8603e-01
8.8002e-01,1.8434e+00
1.1017e+00,1.4129e+00
1.2102e+00,1.3790e+00
1.0118e+00,1.5652e+00
1.3463e+00,4.9709e-01
1.3056e+00,8.9430e-01
1.3236e+00,1.0944e+00
1.3651e+00,5.8342e-01
7.4794e-01,1.9927e+00
1.4046e+00,3.5293e-01
1.1752e+00,1.1790e+00
1.4422e+00,3.2363e-01
1.2530e+00,1.2887e+00
1.1930e+00,1.1445e+00
1.3159e+00,9.5529e-01
8.4097e-01,1.9418e+00
1.4001e+00,5.2903e-01
1.1515e+00,1.3718e+00
1.0688e+00,1.6022e+00
1.4031e+00,6.4787e-01
1.3995e+00,4.4714e-01
1.2504e+00,1.2811e+00
1.2731e+00,1.1560e+00
1.1943e+00,1.2810e+00
1.4944e+00,5.9253e-02
1.2572e+00,1.0679e+00
1.2803e+00,8.5221e-01
8.0142e-01,1.9664e+00
1.1410e+00,1.4344e+00
1.3346e+00,1.0654e+00
1.5111e+00,6.2274e-02
1.3917e+00,4.4856e-01
1.0503e+00,1.4924e+00
1.3694e+00,4.2307e-01
1.3573e+00,5.7439e-01
1.2603e+00,1.0358e+00
1.3967e+00,4.6757e-01
1.1254e+00,1.3215e+00
1.2977e+00,7.7194e-01
8.1865e-01,1.9257e+00
9.1584e-01,1.8294e+00
1.1246e+00,1.3610e+00
1.4763e+00,1.0387e-01
1.3577e+00,6.9573e-01
1.4016e+00,5.1741e-01
1.3813e+00,6.1165e-01
1.1404e+00,1.3936e+00
1.2027e+00,1.1570e+00
1.3097e+00,1.1019e+00
1.0708e+00,1.6098e+00
1.0842e+00,1.5844e+00
1.2646e+00,1.1063e+00
1.4296e+00,3.6718e-01
1.2607e+00,8.8879e-01
1.4621e+00,2.3464e-01
1.3993e+00,6.4036e-01
1.2761e+00,9.9933e-01
1.0874e+00,1.5686e+00
1.3239e+00,1.1082e+00
8.7372e-01,1.7773e+00
1.1014e+00,1.5083e+00
1.3206e+00,9.1651e-01
1.4204e+00,3.6459e-01
1.4629e+00,1.2026e-01
1.1936e+00,1.1639e+00
1.1745e+00,1.3644e+00
1.2860e+00,1.1149e+00
1.4415e+00,2.0470e-01
1.4629e+00,2.1675e-01
1.3532e+00,8.4676e-01
1.0584e+00,1.5078e+00
1.3306e+00,8.5027e-01
1.3765e+00,5.3487e-01
1.4223e+00,3.0793e-01
1.2444e+00,1.3063e+00
1.4318e+00,5.2207e-01
1.2662e+00,8.9855e-01
1.2077e+00,1.0913e+00
1.4419e+00,4.0561e-01
9.2336e-01,1.8107e+00
1.0042e+00,1.5685e+00
1.1367e+00,1.3395e+00
1.2474e+00,1.1763e+00
1.4178e+00,6.5756e-01
9.2335e-01,1.8300e+00
8.6261e-01,1.8261e+00
1.4201e+00,4.6087e-01
1.1290e+00,1.4956e+00
1.1826e+00,1.3877e+00
1.2554e+00,9.8199e-01
1.4965e+00,1.4437e-01
1.2986e+00,1.1923e+00
1.5009e+00,6.7305e-02
8.3204e-01,1.9316e+00
1.3932e+00,5.7759e-01
1.4225e+00,6.7096e-01
1.2958e+00,1.1213e+00
1.4688e+00,1.4825e-01
1.2207e+00,1.2028e+00
1.3849e+00,7.4338e-01
1.3743e+00,9.1188e-01
1.1467e+00,1.2557e+00
1.0936e+00,1.4354e+00
1.2410e+00,1.3197e+00
1.0923e+00,1.5232e+00
1.0664e+00,1.4492e+00
1.3020e+00,8.4141e-01
1.4350e+00,3.6432e-01
1.2624e+00,1.0460e+00
1.0397e+00,1.6559e+00
1.3744e+00,3.8200e-01
1.3928e+00,6.1020e-01
1.3757e+00,9.4356e-01
1.4634e+00,2.7477e-01
1.1500e+00,1.2668e+00
1.0927e+00,1.5284e+00
1.2966e+00,8.9841e-01
1.4678e+00,2.2873e-01
1.4526e+00,1.7445e-01
1.3500e+00,4.6697e-01
1.2430e+00,1.1477e+00
1.3018e+00,1.0945e+00
1.2957e+00,7.9273e-01
1.2888e+00,1.0978e+00
1.4259e+00,5.7632e-01
9.3911e-01,1.7991e+00
1.3428e+00,1.0649e+00
8.2298e-01,1.9694e+00
1.3630e+00,5.3717e-01
1.3719e+00,6.6688e-01
9.6701e-01,1.7321e+00
1.2917e+00,1.1306e+00
8.2227e-01,1.8763e+00
1.3822e+00,8.5006e-01
8.1513e-01,1.9473e+00
1.2690e+00,9.8890e-01
1.4141e+00,3.1886e-01
1.3264e+00,6.1152e-01
1.3809e+00,6.2097e-01
1.3045e+00,8.9209e-01
1.3236e+00,1.0063e+00
1.0952e+00,1.3793e+00
1.1452e+00,1.4613e+00
1.4406e+00,4.4051e-01
8.0565e-01,1.9875e+00
1.3815e+00,6.8715e-01
1.2497e+00,1.1537e+00
1.1061e+00,1.4280e+00
1.2910e+00,8.1757e-01
1.2394e+00,1.0760e+00
1.3048e+00,1.1362e+00
1.1992e+00,1.3430e+00
1.3274e+00,6.6614e-01
1.3788e+00,8.9092e-01
1.0100e+00,1.5705e+00
8.6649e-01,1.8789e+00
1.2404e+00,1.2136e+00
1.4380e+00,3.4077e-01
9.6143e-01,1.7222e+00
1.3427e+00,1.0112e+00
1.3542e+00,7.0417e-01
1.3782e+00,7.0856e-01
1.3860e+00,8.9995e-01
9.4323e-01,1.7632e+00
1.3825e+00,3.8638e-01
1.3764e+00,5.6868e-01
1.4512e+00,2.0615e-01
1.3079e+00,6.6565e-01
1.2918e+00,1.1310e+00
1.4903e+00,1.4831e-01
1.3132e+00,9.0993e-01
1.3694e+00,7.7643e-01
1.2277e+00,1.1314e+00
1.1387e+00,1.4798e+00
1.0021e+00,1.5975e+00
1.4218e+00,3.3438e-01
1.3780e+00,4.6203e-01
1.3620e+00,9.3665e-01
1.3403e+00,7.7058e-01
9.4962e-01,1.6783e+00
1.4651e+00,1.4380e-01
9.6681e-01,1.6426e+00
1.3357e+00,7.0479e-01
8.5215e-01,1.8953e+00
1.2508e+00,1.0942e+00
1.1689e+00,1.4529e+00
1.3882e+00,7.3655e-01
1.4637e+00,2.0955e-01
1.4117e+00,4.2598e-01
1.2300e+00,1.0744e+00
1.4421e+00,1.6819e-01
1.1204e+00,1.3946e+00
1.1195e+00,1.3221e+00
1.2298e+00,1.3208e+00
1.2280e+00,1.0935e+00
1.2089e+00,1.1010e+00
1.4151e+00,5.8165e-01
8.6097e-01,1.8322e+00
1.3565e+00,4.7431e-01
1.0325e+00,1.5438e+00
1.3301e+00,8.9912e-01
1.4978e+00,1.4808e-01
1.2569e+00,1.0803e+00
1.3302e+00,1.0994e+00
9.2911e-01,1.8115e+00
1.1196e+00,1.3958e+00
8.5155e-01,1.9243e+00
1.2156e+00,1.3044e+00
1.4377e+00,2.1483e-01
1.4708e+00,1.5382e-01
1.2551e+00,9.3263e-01
1.1044e+00,1.4260e+00
1.2345e+00,1.2127e+00
1.3111e+00,9.7663e-01
8.7436e-01,1.8053e+00
1.2888e+00,9.2662e-01
1.1179e+00,1.3944e+00
1.0474e+00,1.5777e+00
1.4370e+00,3.1587e-01
1.3781e+00,6.1831e-01
1.3469e+00,9.6523e-01
1.3015e+00,7.2027e-01
1.2473e+00,9.5149e-01
1.3323e+00,7.6709e-01
1.5223e+00,2.9823e-02
1.3631e+00,6.0573e-01
1.5122e+00,7.7541e-02
1.0030e+00,1.5601e+00
1.1672e+00,1.2719e+00
1.4045e+00,3.8410e-01
1.3474e+00,4.8963e-01
1.4275e+00,3.7944e-01
1.2629e+00,1.1097e+00
1.3491e+00,8.9583e-01
1.3527e+00,5.8775e-01
1.0280e+00,1.5105e+00
1.3335e+00,9.0445e-01
1.0354e+00,1.5642e+00
1.0944e+00,1.4342e+00
1.3108e+00,1.0760e+00
1.3214e+00,8.6205e-01
1.3887e+00,8.1925e-01
1.4712e+00,1.0312e-01
1.3132e+00,9.0586e-01
1.0773e+00,1.5280e+00
1.3549e+00,6.1379e-01
1.4466e+00,2.7450e-01
1.3853e+00,5.1102e-01
1.3835e+00,7.6217e-01
1.0039e+00,1.7126e+00
1.2542e+00,1.1189e+00
1.3119e+00,9.3763e-01
1.1365e+00,1.2896e+00
1.1758e+00,1.4426e+00
1.4383e+00,3.8730e-01
1.0690e+00,1.6129e+00
1.4004e+00,3.1803e-01
8.2805e-01,1.9444e+00
1.0801e+00,1.5569e+00
9.6598e-01,1.7181e+00
1.3828e+00,8.7385e-01
1.2642e+00,9.0986e-01
1.4232e+00,2.3731e-01
1.3459e+00,1.0056e+00
1.3357e+00,1.0903e+00
1.2771e+00,9.8378e-01
1.3801e+00,6.1725e-01
1.0854e+00,1.4193e+00
1.0895e+00,1.5835e+00
1.3223e+00,9.2055e-01
1.5022e+00,6.9337e-02
1.1392e+00,1.2727e+00
1.1504e+00,1.3190e+00
1.4089e+00,5.0408e-01
1.1487e+00,1.3793e+00
1.2113e+00,1.3588e+00
1.0606e+00,1.5469e+00
1.3493e+00,9.2254e-01
1.2313e+00,1.0944e+00
1.4967e+00,6.5757e-02
1.0500e+00,1.5948e+00
1.4138e+00,6.2544e-01
1.1625e+00,1.3229e+00
1.3319e+00,7.2992e-01
1.3479e+00,9.1664e-01
1.4512e+00,2.6004e-01
9.8198e-01,1.6064e+00
1.3790e+00,5.9248e-01
1.0903e+00,1.5035e+00
1.1254e+00,1.3960e+00
1.4045e+00,3.7712e-01
1.3165e+00,7.3120e-01
1.3363e+00,1.0207e+00
1.2388e+00,1.3238e+00
1.3573e+00,8.2145e-01
1.3550e+00,9.3445e-01
1.2260e+00,1.2848e+00
9.2924e-01,1.7989e+00
8.5351e-01,1.8585e+00
1.3331e+00,6.1873e-01
1.2007e+00,1.3539e+00
1.2780e+00,1.1401e+00
1.3469e+00,6.4749e-01
1.0671e+00,1.5724e+00
1.2497e+00,1.2641e+00
1.3082e+00,1.1566e+00
9.6854e-01,1.7022e+00
1.0809e+00,1.4466e+00
1.4138e+00,5.4888e-01
1.2882e+00,1.1618e+00
1.0932e+00,1.5321e+00
1.0106e+00,1.5445e+00
1.4132e+00,5.7612e-01
1.1497e+00,1.3079e+00
1.4477e+00,3.8823e-01
1.1935e+00,1.3546e+00
1.2116e+00,1.3474e+00
1.3517e+00,8.7101e-01
1.0641e+00,1.4760e+00
1.3235e+00,8.6606e-01
1.0745e+00,1.4110e+00
8.7329e-01,1.8691e+00
1.0270e+00,1.5826e+00
1.4187e+00,3.4973e-01
1.1135e+00,1.4546e+00
1.0581e+00,1.6351e+00
1.4333e+00,5.2952e-01
1.3477e+00,7.4948e-01
1.3665e+00,5.7772e-01
1.1453e+00,1.2702e+00
9.3454e-01,1.7746e+00
1.3292e+00,1.0827e+00
9.1308e-01,1.7550e+00
8.9432e-01,1.8646e+00
1.4263e+00,5.6350e-01
9.0496e-01,1.8165e+00
1.2744e+00,9.1651e-01
8.2817e-01,1.8892e+00
1.2981e+00,7.5062e-01
1.3206e+00,6.9271e-01
1.1309e+00,1.3807e+00
8.7329e-01,1.8533e+00
1.2264e+00,1.1984e+00
9.2752e-01,1.8030e+00
1.2093e+00,1.1630e+00
1.1569e+00,1.4594e+00
1.2806e+00,1.0524e+00
1.3219e+00,6.2833e-01
1.2362e+00,1.0062e+00
1.4567e+00,1.8321e-01
1.2857e+00,1.0393e+00
1.3394e+00,5.7554e-01
1.2131e+00,1.1236e+00
1.3738e+00,4.8610e-01
1.3989e+00,7.7881e-01
1.1967e+00,1.3011e+00
9.4698e-01,1.7866e+00
1.2780e+00,1.1150e+00
1.2936e+00,8.4997e-01
1.1135e+00,1.4280e+00
9.6939e-01,1.7468e+00
1.5378e+00,5.6913e-03
1.4448e+00,1.9483e-01
1.2953e+00,9.6301e-01
1.0239e+00,1.6045e+00
1.2985e+00,1.0544e+00
1.4195e+00,6.9434e-01
1.0015e+00,1.7032e+00
8.1251e-01,1.8969e+00
1.4709e+00,1.7573e-01
1.1751e+00,1.1998e+00
1.3068e+00,7.8068e-01
1.3306e+00,5.6269e-01
1.4460e+00,4.2236e-01
1.0308e+00,1.5534e+00
8.2299e-01,1.9592e+00
1.0297e+00,1.5995e+00
1.3669e+00,7.6639e-01
1.1160e+00,1.4258e+00
1.3335e+00,1.0769e+00
1.2534e+00,1.0205e+00
1.3191e+00,8.8954e-01
1.0526e+00,1.4972e+00
9.0925e-01,1.8041e+00
1.3845e+00,8.4670e-01
1.4071e+00,7.6732e-01
1.3481e+00,4.8932e-01
1.2545e+00,1.2329e+00
1.1614e+00,1.3693e+00
1.0186e+00,1.6546e+00
1.1855e+00,1.3401e+00
1.3706e+00,7.2420e-01
1.2604e+00,9.5099e-01
1.4663e+00,1.8906e-01
1.4097e+00,7.1701e-01
1.3904e+00,3.8830e-01
1.2880e+00,9.3616e-01
1.3270e+00,1.0829e+00
1.0643e+00,1.5818e+00
1.2093e+00,1.0841e+00
1.2288e+00,1.3235e+00
1.2802e+00,9.7884e-01
1.4161e+00,5.0330e-01
1.1228e+00,1.4703e+00
1.1434e+00,1.4116e+00
9.5301e-01,1.6424e+00
1.4328e+00,5.3841e-01
1.1414e+00,1.4720e+00
1.3760e+00,6.4733e-01
8.4947e-01,1.9093e+00
1.1591e+00,1.3090e+00
1.3989e+00,6.9094e-01
1.1672e+00,1.2417e+00
1.0366e+00,1.5498e+00
1.3847e+00,6.9866e-01
1.5152e+00,5.6651e-02
1.0812e+00,1.5099e+00
1.2970e+00,8.9085e-01
1.2061e+00,1.3671e+00
1.3534e+00,6.8724e-01
8.2371e-01,1.9450e+00
9.1110e-01,1.7716e+00
9.6969e-01,1.6119e+00
9.1458e-01,1.8014e+00
1.2742e+00,1.2138e+00
1.2827e+00,1.0785e+00
1.2262e+00,1.3527e+00
1.3866e+00,5.7275e-01
1.1602e+00,1.4124e+00
1.4042e+00,3.6303e-01
1.0789e+00,1.6023e+00
1.3306e+00,9.9537e-01
1.4403e+00,3.6922e-01
8.0667e-01,1.9694e+00
1.1159e+00,1.5424e+00
1.3953e+00,4.8877e-01
1.1423e+00,1.2910e+00
1.4231e+00,3.4108e-01
1.3514e+00,5.5670e-01
1.4613e+00,1.9200e-01
1.3946e+00,3.9491e-01
1.4193e+00,4.7483e-01
1.2200e+00,1.2360e+00
1.4413e+00,4.8981e-01
1.3671e+00,9.8173e-01
1.3719e+00,9.1941e-01
1.3060e+00,9.8042e-01
1.2653e+00,9.0737e-01
1.2992e+00,1.0060e+00
1.0761e+00,1.4275e+00
1.3851e+00,7.5025e-01
1.4121e+00,3.8273e-01
1.2586e+00,9.2881e-01
1.4438e+00,1.8059e-01
1.3788e+00,4.5997e-01
1.2427e+00,9.9571e-01
1.2072e+00,1.1752e+00
1.2288e+00,1.1744e+00
1.3108e+00,9.2617e-01
1.2854e+00,7.9285e-01
1.4338e+00,5.2584e-01
1.0247e+00,1.6254e+00
1.3843e+00,5.2239e-01
1.0677e+00,1.5136e+00
1.3160e+00,8.2130e-01
1.3793e+00,3.9588e-01
1.3132e+00,6.6898e-01
1.4321e+00,2.3915e-01
8.6292e-01,1.8373e+00
1.4621e+00,1.3752e-01
1.4311e+00,2.2013e-01
8.0686e-01,1.9668e+00
8.4131e-01,1.9163e+00
1.3176e+00,6.3949e-01
1.0645e+00,1.4838e+00
1.4240e+00,5.3316e-01
1.4047e+00,6.5013e-01
1.1179e+00,1.5400e+00
8.5629e-01,1.9173e+00
1.2256e+00,1.1663e+00
1.0052e+00,1.5549e+00
1.1900e+00,1.2931e+00
1.1406e+00,1.2897e+00
1.2196e+00,1.1835e+00
1.3062e+00,9.4116e-01
1.4928e+00,5.6910e-02
9.1969e-01,1.7339e+00
1.3109e+00,9.2190e-01
1.3678e+00,5.6494e-01
1.3888e+00,8.5671e-01
1.2423e+00,1.2098e+00
1.1797e+00,1.2863e+00
1.0182e+00,1.6544e+00
1.1353e+00,1.3587e+00
7.8861e-01,1.9713e+00
1.1159e+00,1.4755e+00
1.5262e+00,4.6768e-02
1.3180e+00,1.0613e+00
8.5976e-01,1.8862e+00
1.3920e+00,7.0317e-01
1.0840e+00,1.4581e+00
1.4247e+00,5.5988e-01
1.1868e+00,1.2328e+00
1.5065e+00,6.6282e-02
1.3262e+00,7.8415e-01
1.3869e+00,6.2731e-01
1.5074e+00,3.3991e-02
1.2714e+00,1.1101e+00
1.4155e+00,5.4468e-01
7.8324e-01,1.9739e+00
1.4709e+00,1.1382e-01
1.2520e+00,1.0024e+00
1.2571e+00,1.2299e+00
1.3225e+00,6.7042e-01
1.3116e+00,6.7114e-01
1.2813e+00,1.0176e+00
1.3918e+00,6.2347e-01
1.3434e+00,6.3558e-01
1.3359e+00,6.9603e-01
1.3700e+00,6.4970e-01
1.3362e+00,7.6430e-01
1.0528e+00,1.5963e+00
1.4376e+00,5.1272e-01
1.2019e+00,1.2077e+00
1.0738e+00,1.6152e+00
1.3522e+00,9.5091e-01
1.4565e+00,1.5488e-01
1.4339e+00,4.9748e-01
8.4759e-01,1.9272e+00
1.0112e+00,1.5542e+00
1.3898e+00,5.1279e-01
1.2943e+00,8.3158e-01
1.4078e+00,4.1974e-01
1.2787e+00,1.1079e+00
1.4457e+00,4.1818e-01
1.3959e+00,7.8069e-01
1.1423e+00,1.3268e+00
1.5140e+00,3.1227e-02
1.3291e+00,6.2030e-01
1.3970e+00,4.1036e-01
1.0054e+00,1.7074e+00
1.0615e+00,1.4640e+00
1.2662e+00,1.1387e+00
1.2432e+00,1.0114e+00
8.5850e-01,1.9045e+00
1.0771e+00,1.4389e+00
1.0716e+00,1.6086e+00
1.2639e+00,1.0356e+00
1.2688e+00,8.4778e-01
1.2124e+00,1.3240e+00
1.3736e+00,4.0286e-01
1.3330e+00,1.0464e+00
1.0097e+00,1.5454e+00
1.4807e+00,2.1645e-01
1.1441e+00,1.4551e+00
1.2122e+00,1.1511e+00
1.2748e+00,8.4421e-01
1.3596e+00,5.4766e-01
7.8896e-01,1.9418e+00
1.2479e+00,1.0432e+00
1.3715e+00,7.4988e-01
1.1671e+00,1.3215e+00
1.3267e+00,7.1960e-01
1.4327e+00,3.6061e-01
1.2982e+00,9.7242e-01
8.2864e-01,1.8852e+00
1.1962e+00,1.3638e+00
1.3047e+00,7.2954e-01
1.2562e+00,1.0973e+00
1.3942e+00,8.5693e-01
1.2745e+00,1.2116e+00
8.2472e-01,1.9344e+00
9.0019e-01,1.7506e+00
1.2682e+00,1.0350e+00
1.2604e+00,9.4986e-01
1.1188e+00,1.3339e+00
1.3312e+00,9.9254e-01
1.4095e+00,2.7857e-01
1.2754e+00,1.1801e+00
1.5070e+00,5.9859e-02
1.2764e+00,9.1712e-01
1.2697e+00,1.0402e+00
1.2740e+00,8.9857e-01
1.1862e+00,1.2903e+00
1.4107e+00,5.2175e-01
1.4167e+00,4.1638e-01
1.0831e+00,1.5714e+00
8.3490e-01,1.9191e+00
1.3080e+00,9.0844e-01
1.3910e+00,6.9138e-01
1.3970e+00,7.4122e-01
8.7008e-01,1.8667e+00
1.1297e+00,1.4219e+00
1.2328e+00,1.1714e+00
1.0142e+00,1.6131e+00
1.1566e+00,1.4709e+00
1.3184e+00,8.7343e-01
1.4937e+00,8.0927e-02
1.3147e+00,7.1517e-01
9.7175e-01,1.7023e+00
1.2941e+00,9.7676e-01
1.0550e+00,1.5990e+00
1.1675e+00,1.1939e+00
1.3187e+00,9.9708e-01
1.0385e+00,1.6519e+00
1.0178e+00,1.5869e+00
1.3058e+00,7.7327e-01
1.2235e+00,1.2798e+00
1.2519e+00,1.0179e+00
9.1745e-01,1.8252e+00
1.4192e+00,2.7570e-01
1.3473e+00,9.1933e-01
1.0902e+00,1.5101e+00
1.3210e+00,1.0490e+00
9.5495e-01,1.7310e+00
1.3816e+00,7.1570e-01
1.4514e+00,2.6024e-01
1.3528e+00,1.0201e+00
1.3560e+00,7.0570e-01
1.1304e+00,1.3685e+00
1.1684e+00,1.2790e+00
9.9663e-01,1.7153e+00
1.4654e+00,2.0864e-01
9.5224e-01,1.7434e+00
8.6454e-01,1.8683e+00
8.3737e-01,1.8599e+00
1.3055e+00,1.1335e+00
1.1372e+00,1.2958e+00
1.3802e+00,6.4613e-01
1.3598e+00,8.1005e-01
1.4576e+00,3.3185e-01
1.1757e+00,1.2903e+00
1.3012e+00,9.1392e-01
1.3988e+00,5.9688e-01
1.1787e+00,1.1709e+00
1.2089e+00,1.1651e+00
1.2007e+00,1.1239e+00
9.4455e-01,1.7676e+00
1.3387e+00,1.0270e+00
1.1475e+00,1.4404e+00
8.8425e-01,1.8275e+00
1.2166e+00,1.0508e+00
9.9392e-01,1.6724e+00
1.4426e+00,2.5890e-01
8.7352e-01,1.8557e+00
1.1232e+00,1.3239e+00
9.8572e-01,1.5829e+00
1.2642e+00,9.7308e-01
1.2337e+00,1.1468e+00
1.4965e+00,5.7347e-02
1.3274e+00,1.1095e+00
1.3962e+00,6.9012e-01
1.3977e+00,8.1339e-01
1.2010e+00,1.3780e+00
1.0206e+00,1.6432e+00
1.2066e+00,1.1986e+00
8.3798e-01,1.8679e+00
1.1757e+00,1.2209e+00
1.4353e+00,4.4384e-01
1.0565e+00,1.5772e+00
9.4822e-01,1.7455e+00
1.3969e+00,2.9941e-01
1.4601e+00,1.3182e-01
1.0915e+00,1.3826e+00
1.2532e+00,1.1081e+00
9.2342e-01,1.7213e+00
1.0860e+00,1.5833e+00
1.0575e+00,1.4963e+00
1.2303e+00,1.0210e+00
1.4817e+00,1.7951e-01
1.3952e+00,5.9328e-01
1.1983e+00,1.2773e+00
9.5603e-01,1.7703e+00
1.3778e+00,6.1200e-01
1.1468e+00,1.4364e+00
1.3121e+00,6.8830e-01
1.1133e+00,1.4233e+00
1.1951e+00,1.1895e+00
1.4050e+00,5.9049e-01
1.2769e+00,9.5997e-01
1.4880e+00,1.7061e-01
1.3048e+00,7.4041e-01
1.3474e+00,1.0175e+00
