# X, Y, Luminosity, Color
6.4197e+00,-1.2156e+00,1.1103e+00,1.3910e+00
-5.0958e+00,-4.8120e+00,1.0329e+00,1.6189e+00
-2.9067e+00,1.0533e+00,8.3762e-01,1.9318e+00
1.8642e+00,5.1583e-01,9.6028e-01,1.6663e+00
1.6494e+01,-1.1143e+01,1.4032e+00,4.3086e-01
6.4564e+00,-1.3773e+01,1.2064e+00,1.3050e+00
-1.3713e+00,2.9223e+00,1.4153e+00,6.8585e-01
9.3599e+00,-1.3539e+01,1.1927e+00,1.2375e+00
-5.8466e-01,2.7148e+00,1.3179e+00,1.0282e+00
1.8543e+00,-5.5250e-02,1.0584e+00,1.5201e+00
-7.4881e+00,-1.4998e+00,1.4349e+00,1.8653e-01
-1.8642e+00,1.9864e+00,1.1080e+00,1.4622e+00
-6.6731e-01,3.4974e+00,1.3624e+00,4.8617e-01
1.4753e+01,-1.0825e+01,8.6859e-01,1.8122e+00
-1.5148e+00,-1.1713e-01,1.2909e+00,1.1634e+00
-2.8258e+00,2.7081e+00,1.3207e+00,8.4045e-01
2.5011e+01,-2.4607e+00,1.0427e+00,1.4796e+00
-5.3967e-01,1.4308e+00,1.0062e+00,1.6108e+00
-5.8368e+00,-5.7704e+00,1.4863e+00,1.9492e-01
1.4465e+00,-1.2061e+01,1.2804e+00,1.2125e+00
1.9957e+01,-8.3530e+00,1.4031e+00,5.4105e-01
2.3386e-01,-1.2040e+01,1.1887e+00,1.2775e+00
4.0871e+00,-7.7812e-01,1.0474e+00,1.6441e+00
-3.5675e+00,-8.2741e+00,1.2672e+00,1.0090e+00
1.9158e-01,-1.1657e+01,1.0656e+00,1.4286e+00
2.3775e+01,-4.2193e+00,1.2333e+00,1.0490e+00
3.8175e+00,2.8964e+00,9.7432e-01,1.7429e+00
4.1373e-01,4.3986e+00,1.0888e+00,1.5034e+00
-4.4480e+00,-6.8439e+00,1.0295e+00,1.6280e+00
7.2349e+00,-1.2122e+01,1.1763e+00,1.4297e+00
-4.1278e-01,3.4630e+00,9.0180e-01,1.8370e+00
1.0369e+01,-1.2061e+01,1.4494e+00,1.6357e-01
-3.0408e+00,3.1427e-01,1.3917e+00,6.6297e-01
1.4006e+00,3.1072e+00,1.2847e+00,9.4760e-01
1.1207e+01,-1.2631e+01,1.1850e+00,1.4174e+00
-4.8297e+00,1.3252e+00,1.2483e+00,1.2227e+00
-3.8975e+00,-7.2425e+00,1.4317e+00,3.4944e-01
5.4920e+00,-1.2448e+01,1.1522e+00,1.2399e+00
-2.9328e+00,-7.9617e+00,8.9193e-01,1.8390e+00
-9.6294e-01,3.5102e+00,1.2336e+00,1.3129e+00
-4.9695e+00,-7.7311e+00,1.2851e+00,1.0568e+00
3.9484e+00,2.5872e+00,9.4682e-01,1.7870e+00
-9.1489e-01,1.4395e+00,1.2968e+00,7.4443e-01
4.5056e+00,-1.3595e+01,1.2065e+00,1.0754e+00
-4.2023e+00,-1.7171e+00,1.1384e+00,1.4697e+00
1.2613e+01,-1.1197e+01,8.6115e-01,1.8798e+00
2.6269e+00,4.7843e-01,1.1753e+00,1.2302e+00
-2.5895e+00,-1.0107e+01,1.4973e+00,1.1179e-01
-4.2516e+00,-8.8005e+00,1.4622e+00,2.9057e-01
-2.6503e+00,-1.0441e+01,1.2933e+00,7.7700e-01
-4.1711e-01,5.4809e-01,1.3205e+00,1.0550e+00
-1.1110e+00,3.4519e+00,1.3627e+00,6.5320e-01
5.6352e-01,5.3091e+00,1.3279e+00,6.8950e-01
-6.8754e+00,-7.2747e+00,1.0815e+00,1.4677e+00
9.9002e+00,-1.3436e+01,1.1911e+00,1.2652e+00
-3.9710e+00,-9.3627e+00,1.4355e+00,2.0172e-01
-4.6354e+00,-2.0047e+00,1.4048e+00,4.9125e-01
-2.1013e+00,3.8653e+00,1.2186e+00,1.1099e+00
-3.0534e+00,-9.6507e+00,1.2941e+00,1.1557e+00
-6.9289e+00,-2.8758e+00,1.3693e+00,4.3405e-01
1.3486e+01,-1.2298e+01,1.3888e+00,5.1852e-01
-4.8968e-01,6.8034e-01,1.3982e+00,5.7722e-01
-6.0202e+00,-7.1358e+00,1.3085e+00,8.1786e-01
-5.7094e+00,7.2970e-02,1.4262e+00,3.8445e-01
3.6568e+00,-1.3204e+01,8.9231e-01,1.7600e+00
-4.0202e+00,2.5321e+00,1.4134e+00,2.8677e-01
-7.0557e+00,-5.2854e+00,1.1830e+00,1.1913e+00
-5.5026e+00,-4.6988e+00,1.0540e+00,1.6301e+00
8.0017e+00,-1.3867e+01,9.7898e-01,1.7032e+00
-4.3084e-01,4.2157e+00,1.0684e+00,1.5099e+00
-4.4255e+00,-6.3902e+00,1.3748e+00,5.0590e-01
-3.2098e+00,1.9271e+00,1.3366e+00,1.0067e+00
2.4774e+00,2.7249e+00,1.3923e+00,7.6452e-01
-1.6658e+00,1.8986e+00,1.1897e+00,1.3409e+00
-4.2830e+00,1.9572e+00,8.9889e-01,1.7924e+00
8.5811e+00,-1.3261e+01,8.9639e-01,1.7684e+00
-1.0941e+00,-8.9419e-01,1.3399e+00,9.7489e-01
-5.8319e+00,-4.4001e+00,8.8182e-01,1.8533e+00
-6.1507e+00,-3.5561e+00,1.1368e+00,1.2707e+00
5.8447e+00,-1.3150e+01,1.2278e+00,1.1287e+00
-5.4123e+00,1.9348e-01,1.4331e+00,2.0785e-01
1.1176e+01,-1.3051e+01,1.1665e+00,1.2476e+00
1.3919e+01,-1.2213e+01,1.2867e+00,9.7022e-01
5.2749e-02,6.1751e-01,1.0918e+00,1.4672e+00
-6.3423e+00,-2.5316e+00,1.1646e+00,1.3333e+00
-4.3199e+00,9.1104e-01,1.1655e+00,1.3987e+00
-1.7978e+00,4.1878e+00,1.1942e+00,1.3701e+00
-2.7195e+00,-1.7691e-02,1.3247e+00,9.9254e-01
2.1751e+00,7.9835e-01,1.1511e+00,1.2745e+00
-3.7512e+00,3.3084e+00,1.2250e+00,1.3068e+00
-5.9435e+00,-5.5312e+00,1.1427e+00,1.3161e+00
-2.1336e+00,1.5980e+00,1.2445e+00,9.9829e-01
2.2496e+01,-5.0688e+00,1.3316e+00,8.6689e-01
-5.7597e+00,4.2870e-01,1.3612e+00,8.5359e-01
-1.9962e+00,9.0364e-01,1.3348e+00,7.1474e-01
-1.1666e+00,2.3920e+00,1.3063e+00,1.1411e+00
-2.8219e+00,2.5036e+00,1.1870e+00,1.4153e+00
-1.7443e+00,-1.0067e+01,1.3012e+00,8.1578e-01
1.2850e-02,-2.0259e-01,1.4825e+00,1.5865e-01
8.4937e-01,4.1738e-01,1.4127e+00,3.5361e-01
1.6128e+00,2.3182e+00,1.4367e+00,3.9659e-01
-5.8007e+00,-2.4436e+00,1.3562e+00,4.6476e-01
-1.8838e+00,2.6380e+00,9.0210e-01,1.8217e+00
-2.9106e+00,-9.2813e+00,1.4242e+00,4.0164e-01
-7.2793e-01,7.2540e-01,9.8985e-01,1.6986e+00
-2.2730e+00,2.0872e+00,1.3995e+00,7.1143e-01
-1.3633e-01,2.5222e+00,8.1211e-01,1.9772e+00
-4.4324e+00,-8.1895e+00,1.0626e+00,1.5158e+00
1.4587e+01,-1.1256e+01,1.1385e+00,1.4397e+00
-4.2370e-01,-9.9683e+00,1.3683e+00,7.8852e-01
1.1337e+01,-1.3234e+01,1.3186e+00,1.0424e+00
6.8912e-01,1.8600e+00,1.2298e+00,1.1786e+00
3.8252e+00,2.6528e+00,1.4010e+00,6.9477e-01
-3.5422e+00,2.5512e+00,1.3684e+00,8.2435e-01
-6.2330e+00,-2.6058e+00,1.3281e+00,8.2232e-01
-2.6118e-01,-3.0449e+00,1.1695e+00,1.2597e+00
3.0032e+00,1.9492e+00,1.2519e+00,1.0126e+00
-2.5238e+00,-8.6549e+00,1.2757e+00,1.0962e+00
-1.9988e+00,-9.0787e+00,1.3617e+00,9.0148e-01
8.1627e-01,-1.3330e+01,1.4340e+00,1.8833e-01
-4.4600e+00,1.7185e+00,9.0994e-01,1.7903e+00
9.0091e-01,-2.4737e-01,1.0554e+00,1.5019e+00
3.3699e+00,-1.3846e+01,1.4051e+00,4.4105e-01
1.0294e+01,-1.2744e+01,1.3286e+00,8.2214e-01
-2.7171e+00,9.0146e-01,1.0817e+00,1.5420e+00
2.5826e+01,-1.3760e+00,1.4564e+00,3.4297e-01
-6.6729e+00,-6.0842e-01,1.4214e+00,5.2058e-01
-5.6821e+00,-7.5050e+00,1.2871e+00,7.9681e-01
-3.8281e+00,2.6290e-01,1.1722e+00,1.2647e+00
4.3550e+00,1.2440e+00,1.4852e+00,8.1074e-02
-2.2669e+00,-2.6832e-01,1.0601e+00,1.4585e+00
6.9188e+00,-1.3566e+01,1.3522e+00,8.3358e-01
-3.1671e+00,1.7560e+00,1.4055e+00,4.6216e-01
-3.1075e+00,-1.0627e+01,1.1312e+00,1.3789e+00
-9.5561e-01,2.3189e+00,1.0962e+00,1.4539e+00
-4.8654e+00,-1.0193e-01,1.2447e+00,1.1123e+00
-7.2799e+00,-2.7094e+00,1.4100e+00,3.9736e-01
-1.7770e+00,4.1267e+00,8.2735e-01,1.9392e+00
-4.5117e+00,2.9730e-01,1.3759e+00,7.0982e-01
-2.7275e+00,-1.0841e+01,1.1605e+00,1.3879e+00
-6.6497e+00,-1.0831e+00,1.2774e+00,1.2210e+00
1.4274e+01,-1.1257e+01,1.3842e+00,4.1363e-01
-2.0532e+00,1.6210e+00,9.7523e-01,1.7445e+00
-6.9475e+00,-3.5068e+00,1.4193e+00,5.5742e-01
-7.5007e+00,-3.1559e+00,1.2452e+00,9.9357e-01
3.5829e-01,6.4539e-01,1.2415e+00,1.1850e+00
1.2350e+00,3.1844e+00,1.2374e+00,1.1444e+00
-5.0207e+00,-7.2381e+00,1.0364e+00,1.5137e+00
-3.0910e+00,8.3552e-01,1.4425e+00,3.4120e-01
2.0697e+00,3.7160e+00,1.0225e+00,1.5457e+00
4.1366e-01,1.5564e+00,1.3806e+00,6.7152e-01
-7.4217e-01,-1.2199e+01,1.3344e+00,6.0773e-01
-1.9466e+00,1.7423e+00,1.2521e+00,1.0011e+00
-3.2256e-01,2.7876e+00,7.9016e-01,1.9486e+00
-1.0530e-01,-1.1439e+01,1.4361e+00,2.5553e-01
-2.7388e+00,3.3193e+00,1.2963e+00,9.3864e-01
7.8199e+00,-1.3422e+01,1.2163e+00,1.2996e+00
6.0816e-01,1.6317e+00,1.2077e+00,1.1711e+00
-7.5459e-01,1.7548e+00,1.3975e+00,4.8530e-01
-5.6938e+00,-6.1274e+00,1.2630e+00,1.0010e+00
-4.8766e+00,-5.3698e+00,1.0274e+00,1.6624e+00
-1.1429e+00,1.5484e+00,1.4143e+00,3.8974e-01
-3.2877e+00,2.2884e+00,1.1943e+00,1.2194e+00
-4.8184e+00,-7.7104e+00,1.3016e+00,9.0280e-01
-5.3838e+00,6.2096e-01,1.0509e+00,1.6082e+00
-2.0031e+00,7.7874e-01,1.4791e+00,1.4037e-01
-5.7807e+00,-1.5960e+00,1.5343e+00,1.2842e-02
-1.8716e+00,1.0416e+00,1.4838e+00,1.7465e-01
-5.5020e+00,-4.9449e+00,1.2510e+00,1.2146e+00
-6.1056e+00,-9.1500e-01,1.2508e+00,1.2508e+00
-4.9183e+00,-2.8653e+00,1.3010e+00,1.0862e+00
4.4024e-01,1.3913e+00,1.4215e+00,5.6759e-01
9.1766e-01,5.0123e+00,1.0950e+00,1.5090e+00
-3.2853e+00,1.9284e+00,1.3004e+00,1.0575e+00
-5.6404e+00,-5.8042e+00,1.3211e+00,8.4315e-01
-1.5990e+00,1.1462e+00,1.4061e+00,6.6698e-01
5.3288e-01,2.8644e+00,1.1243e+00,1.5274e+00
-6.2548e+00,-5.8480e+00,1.3414e+00,6.9875e-01
-2.3904e+00,2.2823e+00,1.4220e+00,6.1294e-01
-4.1203e+00,-1.4104e+00,1.1190e+00,1.4236e+00
3.5291e+00,4.9754e+00,1.3060e+00,8.9963e-01
2.8717e+00,-1.3261e+01,1.3692e+00,6.2018e-01
-1.8927e-01,3.2942e+00,9.8950e-01,1.6646e+00
-3.4320e+00,1.3327e+00,9.5240e-01,1.7207e+00
-3.6967e+00,-2.5135e+00,1.3917e+00,6.2677e-01
4.5124e+00,-1.2665e+01,1.2311e+00,9.9380e-01
-5.5149e+00,1.7462e+00,1.1873e+00,1.4199e+00
-5.9764e+00,-2.7981e+00,1.0334e+00,1.5422e+00
-8.4434e-01,3.9765e+00,1.3140e+00,9.0115e-01
2.7897e-01,-1.4390e+00,1.3758e+00,8.9414e-01
-5.3463e+00,1.1599e+00,1.3494e+00,7.2353e-01
-2.0230e+00,8.9895e-01,1.4598e+00,1.7891e-01
1.5922e+01,-1.0206e+01,1.2971e+00,8.1361e-01
-4.4013e+00,-3.1799e+00,1.3378e+00,9.6624e-01
-6.0408e+00,-5.2664e+00,1.1739e+00,1.2581e+00
-4.4339e+00,-8.5839e+00,1.1468e+00,1.2691e+00
2.0015e-01,-1.4033e-01,1.3839e+00,7.2602e-01
2.7374e+00,-1.2588e+01,1.1008e+00,1.4515e+00
-4.8212e+00,-3.7346e+00,8.8120e-01,1.8643e+00
1.4371e+01,-1.1785e+01,1.3164e+00,1.0666e+00
-1.1327e+00,1.8548e+00,1.3779e+00,3.6950e-01
-3.8083e+00,1.1436e+00,9.5169e-01,1.7027e+00
7.6390e+00,-1.3430e+01,1.3035e+00,9.4648e-01
-8.8766e-01,1.3424e+00,1.2822e+00,8.8137e-01
-1.3434e+00,4.1000e+00,1.2130e+00,1.3344e+00
-2.4808e-01,-9.3845e-01,1.2973e+00,1.0782e+00
-2.4999e+00,1.8957e+00,1.1358e+00,1.3235e+00
4.5119e+00,-1.2239e+01,1.3769e+00,7.8060e-01
2.1804e+01,-7.7255e+00,1.0169e+00,1.6471e+00
-4.4569e+00,-6.1281e+00,1.0728e+00,1.6075e+00
-3.2491e+00,6.7140e-02,1.3181e+00,9.2856e-01
4.0383e+00,-1.2534e+01,8.0526e-01,1.9049e+00
1.1737e+01,-1.2577e+01,8.9199e-01,1.8363e+00
6.5972e-02,3.8555e+00,1.1964e+00,1.2778e+00
9.6273e+00,-1.3281e+01,1.2944e+00,1.1249e+00
-6.1166e+00,-6.5541e+00,1.3619e+00,5.5495e-01
-1.7668e+00,-9.9892e+00,1.4254e+00,5.6287e-01
-5.9778e+00,-5.2555e+00,1.2524e+00,1.0152e+00
3.2134e+00,2.7770e+00,1.2179e+00,1.0765e+00
1.9788e-02,-1.4587e+00,1.0264e+00,1.5398e+00
-4.0210e+00,-4.9909e-01,1.3458e+00,5.4375e-01
4.7026e-01,-5.0477e-01,1.2212e+00,1.2727e+00
1.1317e-01,-1.1666e+01,9.2135e-01,1.7192e+00
-3.9553e+00,6.3489e-01,9.0990e-01,1.7652e+00
2.1245e+01,-6.5201e+00,1.2710e+00,1.2288e+00
-3.5089e-01,2.7823e-01,1.4108e+00,3.9286e-01
-4.2438e+00,-8.2409e+00,1.3590e+00,5.7731e-01
3.7681e-01,2.7803e+00,1.4228e+00,4.7942e-01
-5.9808e-02,1.5855e+00,1.2648e+00,9.5973e-01
1.4235e+00,2.9869e+00,1.1716e+00,1.1898e+00
9.6123e+00,-1.2744e+01,1.3762e+00,6.0629e-01
4.5239e+00,-1.3379e+01,1.1994e+00,1.3383e+00
-6.0435e+00,-3.2235e+00,1.3064e+00,7.4255e-01
-1.7776e+00,1.1528e+00,1.4134e+00,4.8129e-01
-2.9081e-02,2.0284e+00,1.1694e+00,1.2861e+00
1.9974e+01,-8.6591e+00,1.5092e+00,3.6316e-02
-4.6677e+00,-7.6099e+00,8.0315e-01,1.9591e+00
-2.9223e+00,2.5106e+00,1.1707e+00,1.3860e+00
-5.1074e+00,1.1054e+00,1.0765e+00,1.4369e+00
-7.0420e+00,-1.4033e+00,1.2834e+00,1.0279e+00
1.4362e+00,1.6264e+00,9.1460e-01,1.8130e+00
1.8271e-01,-4.9162e-02,1.3372e+00,5.5611e-01
-1.6187e+00,2.4589e+00,1.3905e+00,5.6929e-01
-1.0876e+00,2.6075e+00,1.0765e+00,1.5917e+00
3.4840e+00,-1.3466e+01,1.3163e+00,1.0791e+00
2.2912e+01,-5.4124e+00,1.3651e+00,4.4502e-01
-2.8064e+00,1.8424e+00,1.4060e+00,4.0660e-01
2.4956e-01,-5.0635e-01,1.4376e+00,1.9187e-01
-4.3003e+00,1.8599e+00,1.2874e+00,8.0651e-01
-1.7978e-01,2.4834e+00,1.4464e+00,4.2819e-01
-6.7448e+00,-1.2395e+00,1.4094e+00,3.9327e-01
-4.1616e+00,-5.1043e+00,1.0319e+00,1.6131e+00
-2.0896e+00,-1.8217e+00,1.2279e+00,1.1129e+00
8.0836e-01,2.5598e+00,1.1119e+00,1.4019e+00
3.7193e+00,-1.2587e+01,1.2243e+00,1.2069e+00
-4.0975e+00,-2.5260e+00,1.2889e+00,1.0699e+00
-6.0815e-02,1.2773e+00,1.4044e+00,4.0163e-01
-4.8510e+00,-1.2383e+00,1.3928e+00,4.6841e-01
-6.1091e-01,3.1813e+00,1.3533e+00,7.2981e-01
2.0838e+01,-9.0388e+00,1.3419e+00,7.8894e-01
-2.4587e+00,9.5469e-02,8.1821e-01,1.9577e+00
-1.3249e+00,1.4836e+00,9.9340e-01,1.6922e+00
-5.2556e+00,2.7749e+00,9.4789e-01,1.6693e+00
-8.9479e-01,2.1300e-01,1.1928e+00,1.1298e+00
-4.7886e+00,2.3118e+00,9.8264e-01,1.6097e+00
-7.2008e-01,-1.0737e+01,1.4205e+00,2.6398e-01
-5.9054e+00,3.4097e-01,9.8691e-01,1.7016e+00
-5.1615e+00,-7.4929e+00,1.3163e+00,1.1470e+00
1.0721e+01,-1.3156e+01,9.9573e-01,1.5942e+00
-7.7113e-01,-2.8454e-01,1.2286e+00,1.0053e+00
-2.3307e+00,-1.3172e+00,1.3895e+00,5.2947e-01
-1.1237e+00,1.7967e+00,1.1308e+00,1.4664e+00
-2.6902e+00,2.4043e+00,1.4028e+00,6.3886e-01
3.4020e+00,8.7409e-01,9.4861e-01,1.7334e+00
-1.6094e+00,-8.7842e-01,8.5764e-01,1.8813e+00
-4.6396e+00,-7.7371e+00,1.1261e+00,1.5055e+00
-2.3130e+00,3.7190e+00,8.3971e-01,1.9128e+00
2.9121e-01,-1.1491e+01,1.4196e+00,5.9376e-01
3.9511e-01,3.9198e+00,7.9483e-01,1.9520e+00
1.8626e+00,-1.1274e+01,1.3735e+00,9.2396e-01
-3.9124e+00,-6.5299e-01,1.4466e+00,2.3701e-01
1.7961e+00,2.0954e+00,1.2125e+00,1.3254e+00
1.0378e+01,-1.3625e+01,1.3278e+00,1.0838e+00
-5.4526e+00,6.9018e-01,1.1343e+00,1.3290e+00
-2.5037e+00,2.3996e+00,1.1482e+00,1.4398e+00
1.0984e+00,-3.5809e-01,9.3284e-01,1.7371e+00
5.8891e-01,-1.0694e+01,1.0968e+00,1.3847e+00
-3.5027e-01,-1.2684e+01,1.3878e+00,8.0817e-01
1.5814e+00,3.4365e-01,1.2928e+00,1.0648e+00
-3.0990e+00,1.6936e+00,9.0482e-01,1.7315e+00
2.0640e+00,3.3055e+00,1.0989e+00,1.5067e+00
-1.6499e+00,2.7382e+00,7.7186e-01,1.9698e+00
-6.1242e+00,-5.3966e+00,1.3586e+00,5.8513e-01
-3.1649e+00,4.2134e+00,1.4357e+00,4.5117e-01
6.4547e+00,-1.3974e+01,1.2731e+00,8.5684e-01
-1.6612e+00,3.7018e-01,1.0874e+00,1.4712e+00
-1.8488e-02,-3.4108e-02,1.3954e+00,5.1981e-01
5.5961e+00,2.8524e-01,7.9799e-01,1.9432e+00
1.6993e-01,3.8730e+00,1.1393e+00,1.3790e+00
-2.8672e+00,1.3220e+00,1.3263e+00,9.1045e-01
-1.5681e+00,2.0213e+00,1.4427e+00,2.8998e-01
-4.7777e+00,-7.3867e+00,1.4095e+00,2.8636e-01
-2.5564e+00,-1.0349e+01,1.2779e+00,9.6544e-01
-2.2958e+00,2.1742e+00,8.8742e-01,1.7660e+00
-6.0144e-01,3.2659e+00,9.4914e-01,1.7264e+00
4.1588e+00,-7.6171e-01,1.4137e+00,4.6071e-01
7.3748e+00,-1.4003e+01,1.2360e+00,1.2023e+00
2.0236e+01,-6.6255e+00,8.3823e-01,1.8614e+00
1.8924e+00,-1.1553e+01,1.1009e+00,1.5533e+00
2.3214e+00,2.1057e+00,1.3530e+00,9.9541e-01
6.3548e+00,-1.3661e+01,1.3050e+00,7.9827e-01
-2.0570e+00,3.2095e+00,1.4405e+00,3.3652e-01
9.5191e-01,1.6971e+00,1.3735e+00,9.4605e-01
-5.9789e-01,1.6183e+00,1.2404e+00,1.1046e+00
1.2727e+01,-1.2160e+01,1.4404e+00,3.0615e-01
3.0726e+00,1.5195e+00,9.9341e-01,1.7319e+00
1.7421e+00,2.1018e+00,1.2770e+00,9.8603e-01
2.2555e+01,-6.3025e+00,8.8002e-01,1.8434e+00
7.5866e+00,-1.3911e+01,1.1017e+00,1.4129e+00
1.2502e+01,-1.3050e+01,1.2102e+00,1.3790e+00
2.6782e+01,-9.9326e-02,1.0118e+00,1.5652e+00
-1.7029e+00,2.7445e+00,1.3463e+00,4.9709e-01
-1.4871e+00,-2.6411e+00,1.3056e+00,8.9430e-01
6.9312e+00,-1.3511e+01,1.3236e+00,1.0944e+00
-4.3509e+00,-7.6573e+00,1.3651e+00,5.8342e-01
-1.4291e+00,-1.0168e+01,7.4794e-01,1.9927e+00
-4.6549e+00,-3.4742e+00,1.4046e+00,3.5293e-01
1.3580e-01,-1.2415e+01,1.1752e+00,1.1790e+00
3.4564e+00,-1.3368e+01,1.4422e+00,3.2363e-01
5.7152e+00,-1.3581e+01,1.2530e+00,1.2887e+00
-1.3380e-01,2.2362e-02,1.1930e+00,1.1445e+00
-4.5273e+00,6.8993e-01,1.3159e+00,9.5529e-01
-5.4594e-01,2.1264e+00,8.4097e-01,1.9418e+00
2.3576e+00,-1.3379e+01,1.4001e+00,5.2903e-01
3.8399e+00,-1.7815e+00,1.1515e+00,1.3718e+00
-3.4032e+00,-9.4090e+00,1.0688e+00,1.6022e+00
-2.6832e+00,-8.0254e+00,1.4031e+00,6.4787e-01
-2.0418e+00,3.4895e+00,1.3995e+00,4.4714e-01
-1.2177e-01,1.3831e+00,1.2504e+00,1.2811e+00
1.5864e+01,-1.1060e+01,1.2731e+00,1.1560e+00
-1.6488e-01,3.0135e+00,1.1943e+00,1.2810e+00
1.5531e+00,2.3410e+00,1.4944e+00,5.9253e-02
-2.1337e-01,2.4874e+00,1.2572e+00,1.0679e+00
-5.4087e+00,-4.9385e+00,1.2803e+00,8.5221e-01
1.0417e+00,-1.2258e+00,8.0142e-01,1.9664e+00
-3.8451e+00,2.5379e-01,1.1410e+00,1.4344e+00
1.7788e+00,-7.3057e-01,1.3346e+00,1.0654e+00
2.5153e+01,-4.1244e+00,1.5111e+00,6.2274e-02
-5.8568e-01,3.1834e+00,1.3917e+00,4.4856e-01
-1.6102e+00,2.7198e+00,1.0503e+00,1.4924e+00
-3.6785e-01,2.7481e+00,1.3694e+00,4.2307e-01
7.4806e+00,-1.3598e+01,1.3573e+00,5.7439e-01
-5.2800e+00,-2.7914e+00,1.2603e+00,1.0358e+00
-4.8733e+00,-3.7755e+00,1.3967e+00,4.6757e-01
-3.3461e+00,2.8144e+00,1.1254e+00,1.3215e+00
-3.3506e+00,1.0302e+00,1.2977e+00,7.7194e-01
-2.3616e+00,1.1800e+00,8.1865e-01,1.9257e+00
4.7239e+00,-1.2055e+01,9.1584e-01,1.8294e+00
-4.9910e+00,-6.8306e+00,1.1246e+00,1.3610e+00
2.3656e+01,-3.5155e+00,1.4763e+00,1.0387e-01
1.0102e+00,-1.1639e+01,1.3577e+00,6.9573e-01
1.7918e+01,-1.0279e+01,1.4016e+00,5.1741e-01
2.0775e+01,-7.5080e+00,1.3813e+00,6.1165e-01
1.0183e+00,2.1025e+00,1.1404e+00,1.3936e+00
-8.0424e-01,-1.2171e+01,1.2027e+00,1.1570e+00
-1.4049e+00,4.5391e+00,1.3097e+00,1.1019e+00
4.3404e+00,2.6463e-01,1.0708e+00,1.6098e+00
-4.2179e+00,-8.0619e+00,1.0842e+00,1.5844e+00
8.8343e+00,-1.3727e+01,1.2646e+00,1.1063e+00
-5.0287e+00,-8.2082e+00,1.4296e+00,3.6718e-01
-3.9793e+00,1.5568e-01,1.2607e+00,8.8879e-01
-3.6508e-01,3.2362e+00,1.4621e+00,2.3464e-01
-5.5879e+00,-3.9702e+00,1.3993e+00,6.4036e-01
6.0722e+00,-1.2873e+01,1.2761e+00,9.9933e-01
1.1749e+00,2.7544e+00,1.0874e+00,1.5686e+00
-1.6821e+00,3.8891e+00,1.3239e+00,1.1082e+00
-3.9638e+00,-6.2159e+00,8.7372e-01,1.7773e+00
2.1993e+01,-6.4315e+00,1.1014e+00,1.5083e+00
3.0450e-01,5.8882e-01,1.3206e+00,9.1651e-01
1.2950e+00,-7.7777e-01,1.4204e+00,3.6459e-01
8.4087e+00,-1.3732e+01,1.4629e+00,1.2026e-01
7.1724e+00,-1.3357e+01,1.1936e+00,1.1639e+00
2.3192e+01,-5.2260e+00,1.1745e+00,1.3644e+00
-1.9852e+00,1.9047e+00,1.2860e+00,1.1149e+00
-4.7079e+00,-1.6304e+00,1.4415e+00,2.0470e-01
1.1550e+01,-1.1821e+01,1.4629e+00,2.1675e-01
2.6020e+01,-1.2250e+00,1.3532e+00,8.4676e-01
-1.1463e+00,3.4362e+00,1.0584e+00,1.5078e+00
-3.3330e+00,2.0034e+00,1.3306e+00,8.5027e-01
1.0858e+00,3.0728e+00,1.3765e+00,5.3487e-01
-3.9043e+00,1.3627e+00,1.4223e+00,3.0793e-01
1.9615e+01,-8.5614e+00,1.2444e+00,1.3063e+00
-4.3848e+00,1.7676e+00,1.4318e+00,5.2207e-01
-1.1002e-01,-1.1087e+01,1.2662e+00,8.9855e-01
2.2730e+01,-5.8940e+00,1.2077e+00,1.0913e+00
1.1718e+00,9.4776e-01,1.4419e+00,4.0561e-01
-4.2314e+00,1.9501e+00,9.2336e-01,1.8107e+00
-2.3083e+00,1.0658e+00,1.0042e+00,1.5685e+00
5.6976e-01,-1.2657e+01,1.1367e+00,1.3395e+00
-7.5014e+00,-3.6851e+00,1.2474e+00,1.1763e+00
1.6147e+01,-1.1160e+01,1.4178e+00,6.5756e-01
-1.1857e+00,-1.1467e+01,9.2335e-01,1.8300e+00
-4.5876e+00,-6.9491e+00,8.6261e-01,1.8261e+00
-1.2764e+00,8.1019e-01,1.4201e+00,4.6087e-01
-3.2583e+00,-8.1448e+00,1.1290e+00,1.4956e+00
-2.8404e-01,5.5161e+00,1.1826e+00,1.3877e+00
2.6506e+01,-8.4120e-02,1.2554e+00,9.8199e-01
2.6185e+01,-8.8424e-01,1.4965e+00,1.4437e-01
-1.1916e+00,5.7038e-01,1.2986e+00,1.1923e+00
-2.3696e+00,-9.2058e+00,1.5009e+00,6.7305e-02
8.8755e-01,-4.9623e-01,8.3204e-01,1.9316e+00
-5.9375e+00,-2.5588e+00,1.3932e+00,5.7759e-01
-1.5919e+00,3.2830e+00,1.4225e+00,6.7096e-01
-4.1465e+00,-6.3606e+00,1.2958e+00,1.1213e+00
2.4506e+01,-3.3493e+00,1.4688e+00,1.4825e-01
-3.3412e+00,3.7280e+00,1.2207e+00,1.2028e+00
7.4101e-01,1.7985e+00,1.3849e+00,7.4338e-01
-8.3241e-01,2.0887e+00,1.3743e+00,9.1188e-01
-7.5162e-01,1.5759e+00,1.1467e+00,1.2557e+00
2.8501e-02,3.1432e+00,1.0936e+00,1.4354e+00
8.2150e-01,2.0705e+00,1.2410e+00,1.3197e+00
-5.6916e+00,-6.5762e+00,1.0923e+00,1.5232e+00
-3.6984e+00,1.8054e+00,1.0664e+00,1.4492e+00
1.1974e+01,-1.2042e+01,1.3020e+00,8.4141e-01
2.6264e+00,-1.3042e+01,1.4350e+00,3.6432e-01
2.5833e+01,-1.7329e+00,1.2624e+00,1.0460e+00
-2.0844e+00,2.4989e+00,1.0397e+00,1.6559e+00
-6.2071e+00,-3.0535e+00,1.3744e+00,3.8200e-01
-3.8022e-01,1.9784e+00,1.3928e+00,6.1020e-01
8.0345e-01,2.5503e+00,1.3757e+00,9.4356e-01
4.6906e+00,2.0746e+00,1.4634e+00,2.7477e-01
-3.9554e+00,-6.5372e+00,1.1500e+00,1.2668e+00
1.6772e+01,-1.1129e+01,1.0927e+00,1.5284e+00
2.5115e+00,6.7084e-01,1.2966e+00,8.9841e-01
-4.1418e+00,2.0767e+00,1.4678e+00,2.2873e-01
-4.5621e+00,-8.3044e+00,1.4526e+00,1.7445e-01
-2.9066e+00,2.7378e+00,1.3500e+00,4.6697e-01
-4.5831e+00,-7.1814e+00,1.2430e+00,1.1477e+00
-5.3154e+00,-5.3528e+00,1.3018e+00,1.0945e+00
1.3028e+00,4.8873e+00,1.2957e+00,7.9273e-01
-4.4075e+00,-7.5021e+00,1.2888e+00,1.0978e+00
-4.7284e+00,-9.1573e-01,1.4259e+00,5.7632e-01
-4.4880e+00,-6.9544e+00,9.3911e-01,1.7991e+00
1.3896e+01,-1.2043e+01,1.3428e+00,1.0649e+00
-5.0304e+00,-4.7069e+00,8.2298e-01,1.9694e+00
3.5047e+00,-1.3158e+01,1.3630e+00,5.3717e-01
2.5641e+01,-8.8095e-01,1.3719e+00,6.6688e-01
-5.6967e+00,-6.0956e+00,9.6701e-01,1.7321e+00
-6.2275e+00,-1.7779e+00,1.2917e+00,1.1306e+00
-5.4029e-01,2.4098e-01,8.2227e-01,1.8763e+00
1.3663e+00,1.9836e+00,1.3822e+00,8.5006e-01
7.2916e+00,-1.2951e+01,8.1513e-01,1.9473e+00
-5.2612e+00,-4.9788e+00,1.2690e+00,9.8890e-01
8.0071e-01,4.3235e+00,1.4141e+00,3.1886e-01
2.6998e+01,-7.6603e-01,1.3264e+00,6.1152e-01
-2.1023e+00,3.6321e+00,1.3809e+00,6.2097e-01
-5.0388e+00,-1.0294e+00,1.3045e+00,8.9209e-01
-6.6936e+00,-3.1199e+00,1.3236e+00,1.0063e+00
1.2222e+01,-1.2347e+01,1.0952e+00,1.3793e+00
8.7437e+00,-1.2796e+01,1.1452e+00,1.4613e+00
-2.4059e+00,2.9286e+00,1.4406e+00,4.4051e-01
2.3088e+00,2.6791e+00,8.0565e-01,1.9875e+00
1.6198e+00,5.2916e-01,1.3815e+00,6.8715e-01
1.9281e+01,-8.8563e+00,1.2497e+00,1.1537e+00
2.6674e+00,-1.2092e+01,1.1061e+00,1.4280e+00
2.2593e+00,2.8816e+00,1.2910e+00,8.1757e-01
-5.7847e+00,-4.6813e+00,1.2394e+00,1.0760e+00
-6.4476e+00,-1.3644e+00,1.3048e+00,1.1362e+00
6.9606e-01,8.9949e-01,1.1992e+00,1.3430e+00
2.5159e+01,-2.2299e+00,1.3274e+00,6.6614e-01
-2.3810e+00,1.1613e+00,1.3788e+00,8.9092e-01
2.0079e+01,-7.0803e+00,1.0100e+00,1.5705e+00
8.5057e+00,-1.3740e+01,8.6649e-01,1.8789e+00
3.3483e+00,5.6164e-01,1.2404e+00,1.2136e+00
-3.7371e+00,-9.5001e+00,1.4380e+00,3.4077e-01
-5.1932e+00,1.1337e+00,9.6143e-01,1.7222e+00
-3.3669e+00,5.7887e-01,1.3427e+00,1.0112e+00
1.7728e+01,-1.0048e+01,1.3542e+00,7.0417e-01
1.8735e+01,-9.5271e+00,1.3782e+00,7.0856e-01
1.7786e-01,3.6839e+00,1.3860e+00,8.9995e-01
7.2610e-01,1.7193e+00,9.4323e-01,1.7632e+00
-3.6621e+00,2.0734e+00,1.3825e+00,3.8638e-01
-2.7904e+00,-1.0614e+01,1.3764e+00,5.6868e-01
-4.0241e+00,-8.8786e+00,1.4512e+00,2.0615e-01
-1.0406e-01,3.1209e+00,1.3079e+00,6.6565e-01
1.7667e+00,4.3364e+00,1.2918e+00,1.1310e+00
1.1878e+01,-1.2308e+01,1.4903e+00,1.4831e-01
-6.4299e+00,1.7806e-01,1.3132e+00,9.0993e-01
2.1996e-01,-1.2400e+01,1.3694e+00,7.7643e-01
-5.3646e+00,-2.9957e-01,1.2277e+00,1.1314e+00
-2.9722e+00,2.2330e+00,1.1387e+00,1.4798e+00
-2.9145e-01,1.2523e+00,1.0021e+00,1.5975e+00
2.5323e+01,-1.5567e+00,1.4218e+00,3.3438e-01
-3.8071e+00,2.6029e+00,1.3780e+00,4.6203e-01
2.4267e+01,-4.0024e+00,1.3620e+00,9.3665e-01
-4.3305e+00,-4.6059e-01,1.3403e+00,7.7058e-01
-1.2234e+00,3.7110e+00,9.4962e-01,1.6783e+00
-4.0542e+00,4.3494e-01,1.4651e+00,1.4380e-01
1.1773e+00,-6.6600e-01,9.6681e-01,1.6426e+00
1.5111e+00,-2.8145e-01,1.3357e+00,7.0479e-01
-1.8890e+00,-5.2694e-01,8.5215e-01,1.8953e+00
-2.6025e+00,1.2416e+01,1.2508e+00,1.0942e+00
3.1524e+00,-7.6626e-01,1.1689e+00,1.4529e+00
-7.6685e+00,1.3664e+01,1.3882e+00,7.3655e-01
5.7436e+00,5.0364e+00,1.4637e+00,2.0955e-01
-2.2464e+01,5.7154e+00,1.4117e+00,4.2598e-01
4.6941e+00,2.2723e+00,1.2300e+00,1.0744e+00
-1.9840e+01,8.5246e+00,1.4421e+00,1.6819e-01
-3.0212e+00,1.2565e+01,1.1204e+00,1.3946e+00
2.1994e+00,-3.8388e+00,1.1195e+00,1.3221e+00
4.7421e+00,-4.1344e-02,1.2298e+00,1.3208e+00
3.1057e+00,7.5983e+00,1.2280e+00,1.0935e+00
-7.8839e+00,1.3556e+01,1.2089e+00,1.1010e+00
-2.5899e+00,5.4996e-01,1.4151e+00,5.8165e-01
5.0835e+00,5.8663e+00,8.6097e-01,1.8322e+00
-2.6820e+00,-1.2386e+00,1.3565e+00,4.7431e-01
-7.9215e-01,8.8830e-01,1.0325e+00,1.5438e+00
-2.3298e+01,5.2077e+00,1.3301e+00,8.9912e-01
-3.3929e+00,-9.1708e-01,1.4978e+00,1.4808e-01
4.1170e+00,3.7854e+00,1.2569e+00,1.0803e+00
3.5348e+00,7.1751e+00,1.3302e+00,1.0994e+00
2.2342e+00,-2.0089e+00,9.2911e-01,1.8115e+00
4.2366e-01,-1.0864e-01,1.1196e+00,1.3958e+00
3.5289e+00,6.7713e+00,8.5155e-01,1.9243e+00
7.4059e+00,4.0785e+00,1.2156e+00,1.3044e+00
5.5370e+00,5.6544e+00,1.4377e+00,2.1483e-01
-1.7752e+01,9.7601e+00,1.4708e+00,1.5382e-01
-1.0310e+00,5.0466e+00,1.2551e+00,9.3263e-01
5.5624e+00,2.7390e+00,1.1044e+00,1.4260e+00
-1.8418e-01,-3.8009e+00,1.2345e+00,1.2127e+00
-2.1480e+01,7.9339e+00,1.3111e+00,9.7663e-01
-1.5843e+00,9.6869e-02,8.7436e-01,1.8053e+00
-4.4446e-01,-2.3200e+00,1.2888e+00,9.2662e-01
7.8259e+00,3.6693e+00,1.1179e+00,1.3944e+00
1.8566e+00,1.0092e+01,1.0474e+00,1.5777e+00
3.7576e+00,9.4058e+00,1.4370e+00,3.1587e-01
1.4718e+00,1.2255e+01,1.3781e+00,6.1831e-01
4.5147e+00,-1.2029e+00,1.3469e+00,9.6523e-01
-5.8982e+00,1.3849e+01,1.3015e+00,7.2027e-01
1.2220e+00,7.5985e-01,1.2473e+00,9.5149e-01
-3.9128e-01,-3.1040e+00,1.3323e+00,7.6709e-01
-1.2526e+01,1.2395e+01,1.5223e+00,2.9823e-02
4.2389e+00,-1.5711e+00,1.3631e+00,6.0573e-01
3.7567e+00,9.0491e+00,1.5122e+00,7.7541e-02
-2.3652e+01,4.7797e+00,1.0030e+00,1.5601e+00
-2.5198e+00,1.2504e+01,1.1672e+00,1.2719e+00
7.5731e-01,-8.0909e-01,1.4045e+00,3.8410e-01
-2.2849e+01,6.5677e+00,1.3474e+00,4.8963e-01
1.7306e+00,1.2232e+00,1.4275e+00,3.7944e-01
3.9961e+00,5.5749e+00,1.2629e+00,1.1097e+00
2.2568e+00,-4.3831e+00,1.3491e+00,8.9583e-01
-1.8589e+01,1.0375e+01,1.3527e+00,5.8775e-01
-6.7388e+00,1.3169e+01,1.0280e+00,1.5105e+00
-3.2859e+00,-1.7431e+00,1.3335e+00,9.0445e-01
5.9355e+00,5.3526e+00,1.0354e+00,1.5642e+00
4.0382e-01,-2.1710e+00,1.0944e+00,1.4342e+00
4.4248e+00,5.0169e-01,1.3108e+00,1.0760e+00
4.0220e+00,-8.8511e-01,1.3214e+00,8.6205e-01
2.5779e+00,-1.7679e+00,1.3887e+00,8.1925e-01
2.1517e+00,-1.3904e+00,1.4712e+00,1.0312e-01
7.6662e+00,6.5077e+00,1.3132e+00,9.0586e-01
4.5420e-01,-1.6185e+00,1.0773e+00,1.5280e+00
-2.6636e+01,6.1855e-01,1.3549e+00,6.1379e-01
1.6413e+00,-2.7699e+00,1.4466e+00,2.7450e-01
1.8216e+00,-2.7654e+00,1.3853e+00,5.1102e-01
2.3928e+00,1.0465e+01,1.3835e+00,7.6217e-01
-2.3819e+01,3.9300e+00,1.0039e+00,1.7126e+00
3.0689e+00,8.1500e+00,1.2542e+00,1.1189e+00
-4.3814e+00,1.3181e+01,1.3119e+00,9.3763e-01
5.1018e+00,6.5510e-01,1.1365e+00,1.2896e+00
5.8286e+00,4.2959e+00,1.1758e+00,1.4426e+00
-2.2637e-02,-2.8428e-01,1.4383e+00,3.8730e-01
1.0277e+00,-1.5298e+00,1.0690e+00,1.6129e+00
3.2974e+00,1.4900e+00,1.4004e+00,3.1803e-01
-1.2018e+00,-9.1893e-01,8.2805e-01,1.9444e+00
-1.0385e+00,-3.0013e+00,1.0801e+00,1.5569e+00
2.2079e+00,9.9566e+00,9.6598e-01,1.7181e+00
1.7004e+00,-3.5945e+00,1.3828e+00,8.7385e-01
1.5881e+00,-1.8603e+00,1.2642e+00,9.0986e-01
5.5168e+00,6.9197e-01,1.4232e+00,2.3731e-01
5.1231e-01,-8.5589e-01,1.3459e+00,1.0056e+00
-1.0081e+00,-6.6891e-01,1.3357e+00,1.0903e+00
-2.5811e+00,-3.5112e-01,1.2771e+00,9.8378e-01
4.9870e+00,7.0668e+00,1.3801e+00,6.1725e-01
1.3125e+00,-4.4652e+00,1.0854e+00,1.4193e+00
5.4990e+00,7.9632e+00,1.0895e+00,1.5835e+00
-1.0350e+00,-7.7243e-01,1.3223e+00,9.2055e-01
-2.3192e+01,5.1823e+00,1.5022e+00,6.9337e-02
-8.2910e+00,1.3025e+01,1.1392e+00,1.2727e+00
-7.9831e-01,1.1883e+01,1.1504e+00,1.3190e+00
5.0102e+00,5.4638e+00,1.4089e+00,5.0408e-01
3.3351e+00,-2.0870e+00,1.1487e+00,1.3793e+00
1.1134e+00,-2.5607e+00,1.2113e+00,1.3588e+00
-2.1923e+01,6.2295e+00,1.0606e+00,1.5469e+00
-9.3068e+00,1.3342e+01,1.3493e+00,9.2254e-01
-2.1981e+01,7.4582e+00,1.2313e+00,1.0944e+00
-1.7329e+00,-4.7415e-01,1.4967e+00,6.5757e-02
5.3502e+00,8.0682e+00,1.0500e+00,1.5948e+00
6.1894e-01,-4.3282e+00,1.4138e+00,6.2544e-01
-4.7936e-01,1.9983e+00,1.1625e+00,1.3229e+00
4.4142e+00,-1.0956e+00,1.3319e+00,7.2992e-01
-3.9854e+00,-1.4141e+00,1.3479e+00,9.1664e-01
9.5274e-01,-2.6649e+00,1.4512e+00,2.6004e-01
2.9295e+00,-1.9246e+00,9.8198e-01,1.6064e+00
-2.5309e+01,1.1596e+00,1.3790e+00,5.9248e-01
2.9870e+00,9.1545e+00,1.0903e+00,1.5035e+00
-9.5716e+00,1.3017e+01,1.1254e+00,1.3960e+00
3.1313e+00,-3.0166e+00,1.4045e+00,3.7712e-01
-2.0581e-01,1.1282e+01,1.3165e+00,7.3120e-01
4.7117e+00,6.0491e+00,1.3363e+00,1.0207e+00
-2.1338e+01,7.1122e+00,1.2388e+00,1.3238e+00
1.2216e-01,-2.2262e+00,1.3573e+00,8.2145e-01
-3.6189e-01,-1.0634e+00,1.3550e+00,9.3445e-01
-4.1242e+00,-2.1898e+00,1.2260e+00,1.2848e+00
-1.1721e+01,1.1656e+01,9.2924e-01,1.7989e+00
1.6712e+00,-4.2529e-01,8.5351e-01,1.8585e+00
2.6786e+00,9.8416e+00,1.3331e+00,6.1873e-01
-2.5561e+00,-3.8959e+00,1.2007e+00,1.3539e+00
2.3115e+00,-2.4059e+00,1.2780e+00,1.1401e+00
-6.0003e+00,1.2946e+01,1.3469e+00,6.4749e-01
2.5554e+00,1.4045e-01,1.0671e+00,1.5724e+00
3.3560e+00,9.7296e+00,1.2497e+00,1.2641e+00
4.2271e+00,-1.5984e+00,1.3082e+00,1.1566e+00
7.7142e-01,-1.9639e+00,9.6854e-01,1.7022e+00
4.1938e+00,-2.0317e+00,1.0809e+00,1.4466e+00
2.4896e+00,-3.5624e+00,1.4138e+00,5.4888e-01
-6.4387e+00,1.3506e+01,1.2882e+00,1.1618e+00
2.8923e+00,-3.1043e+00,1.0932e+00,1.5321e+00
-7.7759e-02,1.3052e+01,1.0106e+00,1.5445e+00
1.2238e-01,8.4414e-01,1.4132e+00,5.7612e-01
-8.2243e+00,1.2215e+01,1.1497e+00,1.3079e+00
1.1844e+00,-2.7251e+00,1.4477e+00,3.8823e-01
3.1531e+00,6.5683e-02,1.1935e+00,1.3546e+00
-1.3952e+01,1.1408e+01,1.2116e+00,1.3474e+00
1.0286e+00,-2.1082e+00,1.3517e+00,8.7101e-01
-2.0829e+00,-4.3358e+00,1.0641e+00,1.4760e+00
1.3188e+00,-1.8897e+00,1.3235e+00,8.6606e-01
2.9009e+00,-3.0607e-01,1.0745e+00,1.4110e+00
-2.1896e+00,1.2704e+01,8.7329e-01,1.8691e+00
6.2010e+00,4.9601e+00,1.0270e+00,1.5826e+00
1.0438e+00,-3.0248e+00,1.4187e+00,3.4973e-01
-2.6262e+00,9.7561e-01,1.1135e+00,1.4546e+00
-1.4134e+00,-3.4752e+00,1.0581e+00,1.6351e+00
-2.4762e+01,3.1672e+00,1.4333e+00,5.2952e-01
1.3322e+00,1.1149e+01,1.3477e+00,7.4948e-01
5.4129e+00,2.8363e+00,1.3665e+00,5.7772e-01
6.2108e-01,-1.7721e+00,1.1453e+00,1.2702e+00
-1.5888e+01,1.1358e+01,9.3454e-01,1.7746e+00
6.7940e+00,4.2406e+00,1.3292e+00,1.0827e+00
-4.3312e+00,1.3203e+01,9.1308e-01,1.7550e+00
8.9631e-01,1.1774e+01,8.9432e-01,1.8646e+00
-2.3885e+01,4.2275e+00,1.4263e+00,5.6350e-01
-5.5285e-01,-2.3224e+00,9.0496e-01,1.8165e+00
-7.7868e-01,-3.3137e+00,1.2744e+00,9.1651e-01
-1.5629e-01,-2.4824e+00,8.2817e-01,1.8892e+00
3.6043e+00,-7.4335e-01,1.2981e+00,7.5062e-01
-1.5017e+01,1.1805e+01,1.3206e+00,6.9271e-01
5.5379e+00,2.2677e+00,1.1309e+00,1.3807e+00
-9.2032e+00,1.3174e+01,8.7329e-01,1.8533e+00
-1.9181e+01,9.8192e+00,1.2264e+00,1.1984e+00
-7.0353e-01,-3.1807e+00,9.2752e-01,1.8030e+00
6.9424e+00,4.9494e+00,1.2093e+00,1.1630e+00
4.8956e-03,-2.2394e+00,1.1569e+00,1.4594e+00
-6.0230e-01,-2.4474e+00,1.2806e+00,1.0524e+00
-1.8395e+01,1.0682e+01,1.3219e+00,6.2833e-01
-7.3853e-01,-3.3704e+00,1.2362e+00,1.0062e+00
-8.6753e-01,-5.1232e+00,1.4567e+00,1.8321e-01
2.3977e+00,-6.8450e-01,1.2857e+00,1.0393e+00
5.9570e+00,1.8045e+00,1.3394e+00,5.7554e-01
-2.2125e+01,6.2631e+00,1.2131e+00,1.1236e+00
-1.5251e+01,1.1939e+01,1.3738e+00,4.8610e-01
-7.9766e-01,-2.8960e+00,1.3989e+00,7.7881e-01
-1.1221e+00,2.3355e-01,1.1967e+00,1.3011e+00
-3.7860e-01,1.2985e+01,9.4698e-01,1.7866e+00
8.6738e-01,-1.7476e+00,1.2780e+00,1.1150e+00
4.4315e+00,-1.6108e+00,1.2936e+00,8.4997e-01
-1.6594e-01,-2.8618e+00,1.1135e+00,1.4280e+00
1.1966e+00,1.1052e+01,9.6939e-01,1.7468e+00
7.7545e-01,9.7385e-01,1.5378e+00,5.6913e-03
-2.7664e+00,1.4115e+01,1.4448e+00,1.9483e-01
5.7502e+00,4.6711e+00,1.2953e+00,9.6301e-01
-1.8890e+00,-2.2392e+00,1.0239e+00,1.6045e+00
6.5095e+00,5.9787e+00,1.2985e+00,1.0544e+00
-1.8989e-01,-1.9710e+00,1.4195e+00,6.9434e-01
-1.8402e+00,-1.8142e+00,1.0015e+00,1.7032e+00
2.6804e+00,-4.7879e-01,8.1251e-01,1.8969e+00
3.5404e+00,-9.0465e-01,1.4709e+00,1.7573e-01
-1.3466e-02,-1.4730e+00,1.1751e+00,1.1998e+00
8.6520e-01,-1.0117e+00,1.3068e+00,7.8068e-01
2.4146e+00,-2.7147e-01,1.3306e+00,5.6269e-01
2.2017e+00,-3.2664e+00,1.4460e+00,4.2236e-01
4.6610e+00,-6.2269e-01,1.0308e+00,1.5534e+00
-2.5675e+00,-1.4835e+00,8.2299e-01,1.9592e+00
3.7026e-01,5.1313e-01,1.0297e+00,1.5995e+00
6.0905e+00,5.3904e+00,1.3669e+00,7.6639e-01
5.6900e+00,6.2772e+00,1.1160e+00,1.4258e+00
7.6958e-01,2.6820e+00,1.3335e+00,1.0769e+00
-1.2651e+00,1.2048e+01,1.2534e+00,1.0205e+00
-8.8334e-01,-3.5630e+00,1.3191e+00,8.8954e-01
-5.9453e-02,-1.6378e+00,1.0526e+00,1.4972e+00
4.8305e+00,3.9531e+00,9.0925e-01,1.8041e+00
-1.8136e+00,-8.3595e-01,1.3845e+00,8.4670e-01
1.0400e-01,8.8449e-01,1.4071e+00,7.6732e-01
4.9006e+00,2.0714e+00,1.3481e+00,4.8932e-01
1.5944e+00,-9.6129e-01,1.2545e+00,1.2329e+00
-2.0465e+01,7.7716e+00,1.1614e+00,1.3693e+00
4.1758e+00,-2.1342e-01,1.0186e+00,1.6546e+00
-1.4930e+00,-2.1561e+00,1.1855e+00,1.3401e+00
-2.2642e+01,5.1279e+00,1.3706e+00,7.2420e-01
-2.4434e-01,-6.4681e-01,1.2604e+00,9.5099e-01
2.9630e+00,-1.7677e+00,1.4663e+00,1.8906e-01
-1.1155e+00,-8.0475e-01,1.4097e+00,7.1701e-01
-6.4050e-01,4.7752e-01,1.3904e+00,3.8830e-01
2.5793e+00,-2.3461e-01,1.2880e+00,9.3616e-01
1.3212e+00,-3.2088e+00,1.3270e+00,1.0829e+00
4.1166e+00,8.2307e+00,1.0643e+00,1.5818e+00
-2.1088e+01,7.5478e+00,1.2093e+00,1.0841e+00
4.1431e+00,7.0688e+00,1.2288e+00,1.3235e+00
-3.7281e+00,1.2649e+01,1.2802e+00,9.7884e-01
7.7442e-01,1.2155e+00,1.4161e+00,5.0330e-01
3.0610e+00,9.5601e+00,1.1228e+00,1.4703e+00
-2.4445e+00,-3.6512e+00,1.1434e+00,1.4116e+00
-8.1597e+00,1.2450e+01,9.5301e-01,1.6424e+00
-3.1444e+00,-4.4407e+00,1.4328e+00,5.3841e-01
-3.4176e+00,-3.6997e+00,1.1414e+00,1.4720e+00
-5.3684e+00,1.3404e+01,1.3760e+00,6.4733e-01
-2.3366e+01,6.1067e+00,8.4947e-01,1.9093e+00
-2.4506e+01,3.7925e+00,1.1591e+00,1.3090e+00
5.3800e-01,-3.9058e+00,1.3989e+00,6.9094e-01
2.2860e-01,1.1191e+00,1.1672e+00,1.2417e+00
5.5227e+00,-7.5266e-01,1.0366e+00,1.5498e+00
-2.3710e+01,4.3435e+00,1.3847e+00,6.9866e-01
3.7164e+00,-2.1277e+00,1.5152e+00,5.6651e-02
-1.6663e+01,1.0978e+01,1.0812e+00,1.5099e+00
-5.4765e-01,1.1364e+01,1.2970e+00,8.9085e-01
-2.4305e+00,1.2528e+01,1.2061e+00,1.3671e+00
6.2704e+00,5.5107e+00,1.3534e+00,6.8724e-01
-3.0277e+00,1.2596e+00,8.2371e-01,1.9450e+00
2.5603e-01,-8.3435e-01,9.1110e-01,1.7716e+00
-2.2507e+01,5.0803e+00,9.6969e-01,1.6119e+00
-2.1192e+01,6.4826e+00,9.1458e-01,1.8014e+00
-7.4674e+00,1.3887e+01,1.2742e+00,1.2138e+00
5.9402e+00,7.8869e+00,1.2827e+00,1.0785e+00
-2.6869e+01,-4.5393e-02,1.2262e+00,1.3527e+00
4.6653e+00,-6.1424e-01,1.3866e+00,5.7275e-01
7.3667e-01,-1.2749e+00,1.1602e+00,1.4124e+00
-8.1091e-01,-9.4474e-01,1.4042e+00,3.6303e-01
-1.4101e+00,2.4766e+00,1.0789e+00,1.6023e+00
-8.9073e-01,-3.0395e+00,1.3306e+00,9.9537e-01
4.1778e+00,3.8497e-01,1.4403e+00,3.6922e-01
-1.0949e+00,-7.0267e-01,8.0667e-01,1.9694e+00
6.2608e+00,4.7585e+00,1.1159e+00,1.5424e+00
-7.1546e+00,1.2815e+01,1.3953e+00,4.8877e-01
-8.7096e-02,-2.4400e+00,1.1423e+00,1.2910e+00
9.4474e-01,-2.6706e+00,1.4231e+00,3.4108e-01
5.3826e+00,-1.9867e+00,1.3514e+00,5.5670e-01
3.6441e-01,-2.3728e+00,1.4613e+00,1.9200e-01
-7.1339e-01,1.2357e+01,1.3946e+00,3.9491e-01
5.3701e+00,2.3812e+00,1.4193e+00,4.7483e-01
-1.4191e+00,-1.7811e-01,1.2200e+00,1.2360e+00
4.8511e-01,-2.8029e+00,1.4413e+00,4.8981e-01
3.6732e+00,-4.0916e+00,1.3671e+00,9.8173e-01
5.2849e+00,3.4969e-01,1.3719e+00,9.1941e-01
5.6496e+00,6.9205e+00,1.3060e+00,9.8042e-01
1.5049e+00,-4.5336e+00,1.2653e+00,9.0737e-01
4.0781e+00,-2.8756e+00,1.2992e+00,1.0060e+00
5.2233e+00,7.5671e+00,1.0761e+00,1.4275e+00
-2.0861e+00,-2.3076e+00,1.3851e+00,7.5025e-01
-2.5612e-01,-4.5298e+00,1.4121e+00,3.8273e-01
4.0566e-02,4.6311e-01,1.2586e+00,9.2881e-01
5.9390e+00,4.1047e+00,1.4438e+00,1.8059e-01
3.4422e+00,-1.3825e+00,1.3788e+00,4.5997e-01
7.0300e-01,-1.0997e+00,1.2427e+00,9.9571e-01
-1.5312e+01,1.0938e+01,1.2072e+00,1.1752e+00
-3.9918e+00,1.3360e+01,1.2288e+00,1.1744e+00
-7.4017e+00,1.3239e+01,1.3108e+00,9.2617e-01
1.7652e+00,-9.3082e-01,1.2854e+00,7.9285e-01
2.0157e+00,9.4854e+00,1.4338e+00,5.2584e-01
-1.3712e+01,1.2170e+01,1.0247e+00,1.6254e+00
-3.2350e+00,-2.7292e+00,1.3843e+00,5.2239e-01
-1.2547e+01,1.2072e+01,1.0677e+00,1.5136e+00
4.5564e+00,-1.4686e+00,1.3160e+00,8.2130e-01
5.7236e+00,-7.9980e-01,1.3793e+00,3.9588e-01
5.2873e+00,-9.6780e-01,1.3132e+00,6.6898e-01
4.7546e+00,6.8263e+00,1.4321e+00,2.3915e-01
-7.7155e+00,1.4166e+01,8.6292e-01,1.8373e+00
1.9721e+00,-1.3589e+00,1.4621e+00,1.3752e-01
-2.4117e-01,-1.1309e+00,1.4311e+00,2.2013e-01
6.3382e+00,2.2755e-01,8.0686e-01,1.9668e+00
3.6380e-01,-3.3038e+00,8.4131e-01,1.9163e+00
1.0307e+00,-3.4475e+00,1.3176e+00,6.3949e-01
-5.6758e-01,1.1634e+01,1.0645e+00,1.4838e+00
4.5162e+00,7.4435e+00,1.4240e+00,5.3316e-01
-1.6759e+00,-3.2960e-01,1.4047e+00,6.5013e-01
3.8289e+00,-4.3672e-02,1.1179e+00,1.5400e+00
5.2584e+00,6.9453e+00,8.5629e-01,1.9173e+00
4.2945e+00,8.0911e+00,1.2256e+00,1.1663e+00
-1.3573e+01,1.2027e+01,1.0052e+00,1.5549e+00
-1.3392e+00,-2.8286e+00,1.1900e+00,1.2931e+00
-7.7359e+00,1.3453e+01,1.1406e+00,1.2897e+00
-1.6239e+01,1.0490e+01,1.2196e+00,1.1835e+00
-1.9411e+00,-2.0912e+00,1.3062e+00,9.4116e-01
1.5946e-01,-2.3486e+00,1.4928e+00,5.6910e-02
-1.2409e+01,1.4011e+01,9.1969e-01,1.7339e+00
-2.4150e+01,3.6642e+00,1.3109e+00,9.2190e-01
-6.5350e+00,1.3357e+01,1.3678e+00,5.6494e-01
5.0732e+00,3.3378e+00,1.3888e+00,8.5671e-01
-7.2270e+00,-2.4343e+00,1.2423e+00,1.2098e+00
5.7919e+00,3.8545e-01,1.1797e+00,1.2863e+00
3.3062e-01,1.0219e+01,1.0182e+00,1.6544e+00
5.2350e+00,4.2773e+00,1.1353e+00,1.3587e+00
-1.1013e+00,1.2014e+01,7.8861e-01,1.9713e+00
-1.5375e+01,1.1047e+01,1.1159e+00,1.4755e+00
-1.8301e+00,-1.5622e+00,1.5262e+00,4.6768e-02
-1.4845e+01,1.2227e+01,1.3180e+00,1.0613e+00
-4.4241e+00,-2.3048e+00,8.5976e-01,1.8862e+00
1.1405e+00,-4.0036e+00,1.3920e+00,7.0317e-01
4.2039e+00,5.9725e+00,1.0840e+00,1.4581e+00
5.6912e+00,3.4233e+00,1.4247e+00,5.5988e-01
-2.9572e-01,-4.5521e+00,1.1868e+00,1.2328e+00
-1.6972e+01,1.0184e+01,1.5065e+00,6.6282e-02
3.1494e+00,8.7654e+00,1.3262e+00,7.8415e-01
-1.5780e+00,1.8521e-01,1.3869e+00,6.2731e-01
1.3587e+00,-2.5895e+00,1.5074e+00,3.3991e-02
5.8728e+00,7.8402e+00,1.2714e+00,1.1101e+00
5.5898e+00,-1.8850e+00,1.4155e+00,5.4468e-01
-4.3914e-01,-3.4721e+00,7.8324e-01,1.9739e+00
4.1932e-02,1.2494e+01,1.4709e+00,1.1382e-01
1.8102e+00,-8.5071e-01,1.2520e+00,1.0024e+00
-1.1884e+01,1.2632e+01,1.2571e+00,1.2299e+00
4.7559e+00,-2.6057e-01,1.3225e+00,6.7042e-01
6.4466e+00,1.2168e+00,1.3116e+00,6.7114e-01
-2.4497e+01,4.4822e+00,1.2813e+00,1.0176e+00
-2.4992e+01,2.8433e+00,1.3918e+00,6.2347e-01
4.8068e+00,8.2553e-01,1.3434e+00,6.3558e-01
4.9131e+00,6.7000e+00,1.3359e+00,6.9603e-01
1.6829e-02,-3.6992e-01,1.3700e+00,6.4970e-01
1.0898e-01,-1.3639e+00,1.3362e+00,7.6430e-01
1.4390e+00,-3.0650e+00,1.0528e+00,1.5963e+00
-2.2155e+01,6.9311e+00,1.4376e+00,5.1272e-01
-9.6687e-01,-1.3111e+00,1.2019e+00,1.2077e+00
3.5209e+00,-3.5313e+00,1.0738e+00,1.6152e+00
-3.8786e+00,6.7436e-02,1.3522e+00,9.5091e-01
3.3884e+00,1.0427e+01,1.4565e+00,1.5488e-01
-4.5203e+00,-1.3962e+00,1.4339e+00,4.9748e-01
5.3870e+00,3.5006e+00,8.4759e-01,1.9272e+00
-1.4218e+00,1.2180e+01,1.0112e+00,1.5542e+00
-1.7985e+01,1.0593e+01,1.3898e+00,5.1279e-01
1.4868e+00,-3.4287e+00,1.2943e+00,8.3158e-01
1.5861e+00,-3.0444e+00,1.4078e+00,4.1974e-01
4.9959e+00,-2.2882e+00,1.2787e+00,1.1079e+00
-7.4318e+00,1.3401e+01,1.4457e+00,4.1818e-01
-7.2459e+00,1.3050e+01,1.3959e+00,7.8069e-01
-1.0693e+01,1.1985e+01,1.1423e+00,1.3268e+00
-3.4836e+00,-1.7576e+00,1.5140e+00,3.1227e-02
-2.4247e+01,4.5958e+00,1.3291e+00,6.2030e-01
1.4809e+00,-2.7867e+00,1.3970e+00,4.1036e-01
-2.4176e+00,1.2485e+01,1.0054e+00,1.7074e+00
-5.5000e-01,4.3381e-01,1.0615e+00,1.4640e+00
-3.4832e+00,-3.0900e+00,1.2662e+00,1.1387e+00
1.6626e+00,-4.1729e+00,1.2432e+00,1.0114e+00
5.6317e+00,4.3504e+00,8.5850e-01,1.9045e+00
-2.5124e+01,2.4516e+00,1.0771e+00,1.4389e+00
1.3593e+00,-1.8868e+00,1.0716e+00,1.6086e+00
4.7175e+00,7.4075e+00,1.2639e+00,1.0356e+00
1.2244e+00,1.0564e+01,1.2688e+00,8.4778e-01
1.0152e+00,1.1505e+01,1.2124e+00,1.3240e+00
5.9357e+00,4.0753e+00,1.3736e+00,4.0286e-01
4.7648e+00,4.1376e+00,1.3330e+00,1.0464e+00
2.9594e+00,-4.3465e+00,1.0097e+00,1.5454e+00
-2.5798e+01,3.9213e-01,1.4807e+00,2.1645e-01
-2.9738e-01,1.1512e+01,1.1441e+00,1.4551e+00
-1.2288e+00,-2.3060e+00,1.2122e+00,1.1511e+00
4.0642e+00,-3.4224e+00,1.2748e+00,8.4421e-01
6.2522e+00,5.0752e-01,1.3596e+00,5.4766e-01
3.5731e+00,-2.2799e+00,7.8896e-01,1.9418e+00
-5.6883e-01,1.2020e+01,1.2479e+00,1.0432e+00
4.6140e+00,-1.4412e+00,1.3715e+00,7.4988e-01
-1.5997e+01,1.0830e+01,1.1671e+00,1.3215e+00
-1.9273e+00,-2.1110e+00,1.3267e+00,7.1960e-01
6.4735e+00,3.0637e+00,1.4327e+00,3.6061e-01
5.2070e+00,2.3667e+00,1.2982e+00,9.7242e-01
-2.5359e+00,1.6617e+00,8.2864e-01,1.8852e+00
2.2961e-01,-4.2992e+00,1.1962e+00,1.3638e+00
5.7226e-01,1.2228e+01,1.3047e+00,7.2954e-01
-2.3049e-01,-1.3895e+00,1.2562e+00,1.0973e+00
-9.1156e+00,1.3683e+01,1.3942e+00,8.5693e-01
6.4594e+00,3.4129e+00,1.2745e+00,1.2116e+00
2.5653e+00,-2.3918e+00,8.2472e-01,1.9344e+00
5.1809e+00,3.9837e+00,9.0019e-01,1.7506e+00
-1.9620e+01,8.7791e+00,1.2682e+00,1.0350e+00
-1.4115e+01,1.2087e+01,1.2604e+00,9.4986e-01
5.9155e+00,6.8944e+00,1.1188e+00,1.3339e+00
6.0505e+00,1.6876e+00,1.3312e+00,9.9254e-01
-1.0695e+00,1.2604e+01,1.4095e+00,2.7857e-01
3.8717e+00,-1.0516e+00,1.2754e+00,1.1801e+00
2.2028e+00,8.6792e+00,1.5070e+00,5.9859e-02
1.4723e-01,-2.1162e+00,1.2764e+00,9.1712e-01
2.9896e+00,-1.1136e+00,1.2697e+00,1.0402e+00
-1.0795e+00,-3.2447e+00,1.2740e+00,8.9857e-01
5.3070e+00,-1.0299e+00,1.1862e+00,1.2903e+00
-9.5480e+00,1.3554e+01,1.4107e+00,5.2175e-01
1.3187e+00,-3.7469e+00,1.4167e+00,4.1638e-01
-1.3533e-01,-3.7074e+00,1.0831e+00,1.5714e+00
-5.7661e+00,1.3418e+01,8.3490e-01,1.9191e+00
6.5072e+00,3.0588e+00,1.3080e+00,9.0844e-01
6.1549e+00,-6.6487e-01,1.3910e+00,6.9138e-01
9.2608e-01,-1.9933e+00,1.3970e+00,7.4122e-01
-4.2999e+00,1.3446e+01,8.7008e-01,1.8667e+00
-2.3939e+01,3.8812e+00,1.1297e+00,1.4219e+00
-1.7047e+01,1.0318e+01,1.2328e+00,1.1714e+00
2.0426e+00,-3.7951e+00,1.0142e+00,1.6131e+00
3.8193e-01,1.2813e+01,1.1566e+00,1.4709e+00
3.7679e+00,-1.1870e+00,1.3184e+00,8.7343e-01
3.6009e+00,9.9642e-02,1.4937e+00,8.0927e-02
3.6499e-02,1.1585e+01,1.3147e+00,7.1517e-01
2.3501e+00,-4.0904e+00,9.7175e-01,1.7023e+00
-1.6616e+00,3.9832e+00,1.2941e+00,9.7676e-01
-2.1403e+01,7.4911e+00,1.0550e+00,1.5990e+00
-1.1856e+00,-1.6632e+00,1.1675e+00,1.1939e+00
2.0114e+00,-3.2012e+00,1.3187e+00,9.9708e-01
8.1309e-02,2.6064e-02,1.0385e+00,1.6519e+00
-2.2719e+01,6.2734e+00,1.0178e+00,1.5869e+00
-7.4167e-01,-2.8319e+00,1.3058e+00,7.7327e-01
-1.1511e+00,-6.9675e-01,1.2235e+00,1.2798e+00
-1.2386e+01,1.1155e+01,1.2519e+00,1.0179e+00
2.0664e+00,1.0993e+01,9.1745e-01,1.8252e+00
-2.2374e+01,6.8619e+00,1.4192e+00,2.7570e-01
-1.3605e+00,-9.6157e-01,1.3473e+00,9.1933e-01
-3.8654e+00,1.2733e+01,1.0902e+00,1.5101e+00
5.6959e+00,9.3233e-02,1.3210e+00,1.0490e+00
3.1659e+00,-2.1244e+00,9.5495e-01,1.7310e+00
2.3761e+00,-3.0299e+00,1.3816e+00,7.1570e-01
5.9561e+00,4.2694e-01,1.4514e+00,2.6024e-01
-3.5442e+00,1.3196e+01,1.3528e+00,1.0201e+00
1.0469e+00,7.4314e-01,1.3560e+00,7.0570e-01
6.0402e+00,3.2953e+00,1.1304e+00,1.3685e+00
-5.8630e+00,1.3033e+01,1.1684e+00,1.2790e+00
-3.5704e+00,1.5869e-02,9.9663e-01,1.7153e+00
-2.4934e+01,1.9879e+00,1.4654e+00,2.0864e-01
3.4571e+00,-8.2027e-01,9.5224e-01,1.7434e+00
1.5730e+00,-3.5221e+00,8.6454e-01,1.8683e+00
5.2579e+00,6.9329e+00,8.3737e-01,1.8599e+00
-6.8973e-01,-2.2498e+00,1.3055e+00,1.1335e+00
-9.2170e+00,1.2769e+01,1.1372e+00,1.2958e+00
4.2694e+00,-2.0578e-01,1.3802e+00,6.4613e-01
-1.3253e+00,1.2866e+01,1.3598e+00,8.1005e-01
-3.0085e+00,1.2134e+01,1.4576e+00,3.3185e-01
5.2461e+00,3.1170e+00,1.1757e+00,1.2903e+00
3.8062e-01,1.1247e+01,1.3012e+00,9.1392e-01
-2.2647e+01,5.6675e+00,1.3988e+00,5.9688e-01
-2.2749e+01,4.8645e+00,1.1787e+00,1.1709e+00
-2.1912e+00,-5.9874e-01,1.2089e+00,1.1651e+00
-1.8705e+01,9.0789e+00,1.2007e+00,1.1239e+00
-4.3546e-01,-3.5856e+00,9.4455e-01,1.7676e+00
-2.0938e+00,-2.1223e+00,1.3387e+00,1.0270e+00
-1.8383e+01,9.5793e+00,1.1475e+00,1.4404e+00
1.2732e+00,-2.0446e+00,8.8425e-01,1.8275e+00
-5.6506e+00,1.3783e+01,1.2166e+00,1.0508e+00
-3.1611e+00,-8.2979e-01,9.9392e-01,1.6724e+00
3.7688e+00,7.7762e+00,1.4426e+00,2.5890e-01
3.7052e+00,8.7602e+00,8.7352e-01,1.8557e+00
1.7313e+00,-1.9403e+00,1.1232e+00,1.3239e+00
-1.4662e+01,1.1735e+01,9.8572e-01,1.5829e+00
-2.8350e+00,-2.0323e+00,1.2642e+00,9.7308e-01
-3.7828e+00,1.3140e+00,1.2337e+00,1.1468e+00
-9.0569e+00,1.3792e+01,1.4965e+00,5.7347e-02
6.1637e+00,-4.2525e-01,1.3274e+00,1.1095e+00
-1.0106e+01,1.2585e+01,1.3962e+00,6.9012e-01
-1.6268e+00,-5.6724e-01,1.3977e+00,8.1339e-01
9.4966e-01,-1.2443e+00,1.2010e+00,1.3780e+00
-1.0884e+01,1.3187e+01,1.0206e+00,1.6432e+00
-1.4917e+00,-4.1347e+00,1.2066e+00,1.1986e+00
3.9655e+00,-7.0684e-01,8.3798e-01,1.8679e+00
-9.5858e-01,4.5838e-01,1.1757e+00,1.2209e+00
-4.3065e-01,-3.7118e+00,1.4353e+00,4.4384e-01
-1.1187e+01,1.2674e+01,1.0565e+00,1.5772e+00
1.3673e+00,1.1413e+01,9.4822e-01,1.7455e+00
5.5928e+00,6.5643e+00,1.3969e+00,2.9941e-01
2.3107e-01,-2.6333e+00,1.4601e+00,1.3182e-01
5.6826e+00,5.5401e+00,1.0915e+00,1.3826e+00
3.9868e-01,-1.9104e+00,1.2532e+00,1.1081e+00
-2.4950e-01,-2.0587e+00,9.2342e-01,1.7213e+00
4.1527e+00,-1.0136e+00,1.0860e+00,1.5833e+00
-2.2317e+01,6.4957e+00,1.0575e+00,1.4963e+00
5.8851e+00,1.2261e+00,1.2303e+00,1.0210e+00
-2.0450e+00,-8.8412e-02,1.4817e+00,1.7951e-01
5.3754e+00,4.5723e+00,1.3952e+00,5.9328e-01
1.9962e+00,-3.8854e+00,1.1983e+00,1.2773e+00
5.8597e+00,3.4555e+00,9.5603e-01,1.7703e+00
5.8423e-01,-3.2489e+00,1.3778e+00,6.1200e-01
5.0899e+00,4.0171e-01,1.1468e+00,1.4364e+00
-3.1931e-01,-5.5890e-01,1.3121e+00,6.8830e-01
4.3867e+00,1.0255e+01,1.1133e+00,1.4233e+00
-9.1091e-01,1.3616e+01,1.1951e+00,1.1895e+00
-9.4291e+00,1.3540e+01,1.4050e+00,5.9049e-01
4.0722e+00,8.4127e+00,1.2769e+00,9.5997e-01
1.8820e+00,-2.0007e+00,1.4880e+00,1.7061e-01
6.4194e-01,1.5419e+00,1.3048e+00,7.4041e-01
3.3847e+00,-6.0829e-01,1.3474e+00,1.0175e+00
